start,0,1,2,3,4,5,6,7,8,9,10,11
0.0,0.013,0.022,0.015,0.029,1.0,0.012,0.006,0.008,0.02,0.012,0.088,0.116
0.69596,0.034,0.07,0.052,0.054,1.0,0.03,0.022,0.023,0.025,0.018,0.009,0.032
0.90571,0.048,0.032,0.023,0.057,1.0,0.023,0.009,0.005,0.019,0.011,0.01,0.073
1.10798,0.046,0.049,0.025,0.053,1.0,0.031,0.022,0.014,0.025,0.025,0.036,0.024
1.21905,0.095,0.065,0.074,0.081,1.0,0.045,0.027,0.028,0.044,0.024,0.013,0.289
1.58435,0.167,0.094,0.015,0.03,1.0,0.03,0.021,0.011,0.111,0.104,0.223,0.06
1.75297,0.075,0.037,0.02,0.045,1.0,0.06,0.044,0.023,0.016,0.016,0.012,0.183
1.95088,0.17,0.07,0.085,0.117,1.0,0.086,0.046,0.023,0.06,0.188,0.033,0.422
2.18236,0.058,0.103,0.061,0.049,1.0,0.042,0.036,0.03,0.059,0.069,0.241,0.171
2.70989,0.072,0.115,0.121,0.065,1.0,0.085,0.166,0.228,0.466,0.457,0.094,0.223
3.17533,0.047,0.103,0.019,0.032,1.0,0.071,0.404,0.131,0.187,0.452,0.095,0.063
3.33791,0.03,0.056,0.069,0.049,0.724,0.062,0.23,0.397,0.868,1.0,0.045,0.123
3.67365,0.522,0.301,0.195,0.236,0.423,0.203,0.929,0.754,1.0,0.982,0.618,0.54
3.75619,0.18,0.099,0.029,0.031,0.319,0.062,0.275,0.336,0.372,1.0,0.284,0.059
3.88971,0.078,0.039,0.025,0.023,0.222,0.029,0.122,0.329,0.204,1.0,0.026,0.2
4.10907,0.078,0.062,0.027,0.039,0.238,0.03,0.222,0.223,1.0,0.525,0.021,0.352
4.40567,0.065,0.115,0.057,0.102,0.398,0.096,0.488,0.713,1.0,0.713,0.084,0.392
4.78889,0.105,0.111,0.054,0.055,0.227,0.049,0.104,0.169,1.0,0.533,0.028,0.429
5.03864,0.06,0.096,0.055,0.075,0.195,0.039,0.167,0.399,1.0,0.586,0.023,0.207
5.36358,0.437,0.544,0.378,0.35,0.534,0.454,0.747,0.749,1.0,0.607,0.191,0.349
5.4273,0.314,0.147,0.052,0.071,0.292,0.186,0.186,0.399,0.981,1.0,0.046,0.618
5.67746,0.377,0.178,0.064,0.114,0.302,0.086,0.189,0.356,1.0,0.698,0.369,0.767
5.8107,0.048,0.081,0.104,0.1,0.327,0.086,0.077,0.156,0.708,0.264,0.215,1.0
6.26952,0.078,0.119,0.091,0.049,0.23,0.041,0.079,0.19,0.874,0.378,0.05,1.0
6.59451,0.096,0.062,0.062,0.031,0.344,0.223,0.074,0.138,0.379,0.381,0.074,1.0
6.84889,0.048,0.049,0.134,0.179,0.493,0.204,0.075,0.078,0.517,0.127,0.05,1.0
7.20399,0.065,0.082,0.13,0.219,0.443,0.184,0.033,0.108,0.214,0.095,0.061,1.0
7.56422,0.034,0.04,0.127,0.175,0.508,0.176,0.037,0.054,0.249,0.097,0.094,1.0
8.05918,0.969,0.662,0.595,0.607,1.0,0.819,0.371,0.44,0.848,0.285,0.756,0.601
8.15129,0.379,0.359,0.209,0.206,0.372,0.203,0.078,0.094,0.367,0.145,0.224,1.0
8.32617,0.112,0.054,0.059,0.12,0.273,0.162,0.032,0.034,0.166,0.039,0.085,1.0
8.56921,0.57,0.517,0.318,0.346,0.544,0.35,0.291,0.311,0.541,0.35,0.19,1.0
8.6678,0.284,0.146,0.147,0.146,0.229,0.155,0.067,0.061,0.186,0.122,0.217,1.0
8.84671,0.073,0.086,0.069,0.101,0.507,0.189,0.045,0.037,0.205,0.041,0.051,1.0
9.18721,0.111,0.086,0.036,0.06,0.479,0.258,0.076,0.036,0.196,0.04,0.036,1.0
9.55451,0.27,0.24,0.09,0.263,0.993,0.63,0.179,0.101,0.313,0.066,0.147,1.0
9.78068,0.081,0.062,0.035,0.152,0.401,0.039,0.106,0.054,0.211,0.056,0.067,1.0
10.04875,0.096,0.088,0.035,0.086,0.132,0.152,0.089,0.028,0.126,0.019,0.076,1.0
10.30943,0.111,0.109,0.067,0.058,0.267,0.246,0.074,0.054,0.155,0.024,0.127,1.0
10.54086,0.111,0.081,0.048,0.148,0.304,0.027,0.075,0.035,0.118,0.012,0.081,1.0
10.80286,0.411,0.184,0.132,0.125,0.292,0.181,0.126,0.085,0.134,0.048,0.131,1.0
10.98422,0.132,0.099,0.082,0.248,0.599,0.2,0.142,0.056,0.316,0.018,0.071,1.0
11.27882,0.096,0.093,0.068,0.122,0.503,0.081,0.106,0.055,0.129,0.03,0.062,1.0
11.58104,0.087,0.059,0.082,0.066,0.398,0.106,0.105,0.043,0.252,0.035,0.055,1.0
11.89361,0.136,0.155,0.193,0.16,0.877,0.365,0.265,0.069,0.4,0.083,0.092,1.0
12.22458,0.188,0.167,0.146,0.348,0.862,0.147,0.423,0.079,0.172,0.059,0.091,1.0
12.50367,0.122,0.075,0.164,0.266,0.84,0.171,0.176,0.055,0.253,0.045,0.072,1.0
12.91714,0.119,0.079,0.133,0.374,1.0,0.357,0.312,0.066,0.199,0.036,0.076,0.862
13.43828,0.197,0.176,0.195,0.238,0.87,0.427,0.249,0.075,0.287,0.034,0.055,1.0
13.75705,0.14,0.069,0.031,0.391,1.0,0.483,0.158,0.075,0.182,0.027,0.074,0.744
13.96095,0.441,0.376,0.149,0.259,0.565,0.149,0.187,0.106,0.183,0.075,0.11,1.0
14.07066,0.14,0.059,0.122,0.446,1.0,0.553,0.178,0.045,0.105,0.026,0.039,0.777
14.41986,0.096,0.035,0.025,0.25,1.0,0.309,0.072,0.049,0.093,0.012,0.019,0.683
14.77333,0.107,0.049,0.078,0.304,1.0,0.57,0.208,0.079,0.158,0.034,0.061,0.868
15.56889,0.119,0.087,0.093,0.468,0.942,0.581,0.208,0.045,0.085,0.013,0.096,1.0
15.80059,0.383,0.075,0.046,0.063,0.341,0.044,0.097,0.051,0.136,0.032,0.144,1.0
15.92871,0.21,0.102,0.123,0.261,0.732,0.926,0.372,0.127,0.097,0.029,0.108,1.0
16.16794,0.159,0.096,0.134,0.122,0.355,0.164,0.272,0.078,0.1,0.025,0.064,1.0
16.45102,0.186,0.095,0.082,0.348,0.92,0.409,0.255,0.041,0.104,0.014,0.042,1.0
16.76399,0.78,0.753,0.129,0.154,0.53,0.15,0.472,0.145,0.25,0.199,0.332,1.0
16.8639,0.161,0.127,0.108,0.242,0.684,0.17,0.42,0.088,0.207,0.075,0.088,1.0
17.26426,0.802,0.352,0.124,0.172,0.713,0.152,0.58,0.198,0.564,0.269,0.62,1.0
17.42181,0.275,0.17,0.188,0.696,1.0,0.53,0.518,0.116,0.223,0.129,0.239,0.907
17.84444,0.14,0.07,0.079,0.518,1.0,0.466,0.2,0.047,0.093,0.031,0.054,0.651
18.0473,0.854,0.24,0.151,0.174,0.786,0.203,0.546,0.128,0.51,0.292,0.63,1.0
18.20571,0.367,0.109,0.127,0.128,0.872,0.462,0.846,0.106,0.115,0.045,0.044,1.0
18.44871,0.088,0.06,0.05,0.099,1.0,0.129,0.354,0.024,0.083,0.023,0.026,0.762
19.16336,0.217,0.175,0.036,0.126,0.177,0.051,0.646,0.044,0.139,0.128,0.258,1.0
19.30653,0.215,0.108,0.037,0.154,0.314,0.229,0.649,0.077,0.085,0.024,0.069,1.0
19.49937,0.136,0.155,0.068,0.075,0.156,0.105,0.725,0.041,0.052,0.05,0.07,1.0
19.72086,0.434,0.24,0.028,0.097,0.147,0.063,0.483,0.042,0.089,0.066,0.203,1.0
19.8361,0.207,0.148,0.062,0.1,0.171,0.074,0.638,0.049,0.036,0.022,0.07,1.0
20.06163,0.991,0.65,0.031,0.124,0.274,0.184,1.0,0.19,0.399,0.351,0.742,0.928
20.15565,0.204,0.164,0.03,0.071,0.135,0.113,0.874,0.017,0.055,0.053,0.027,1.0
20.52594,0.605,0.218,0.122,0.169,0.219,0.193,1.0,0.231,0.212,0.177,0.263,0.942
20.602,0.146,0.126,0.061,0.064,0.116,0.041,0.516,0.03,0.047,0.029,0.046,1.0
20.85637,0.561,0.207,0.024,0.142,0.195,0.025,0.638,0.034,0.189,0.122,0.512,1.0
21.0405,0.536,0.367,0.026,0.104,0.164,0.034,0.601,0.056,0.187,0.152,0.498,1.0
21.21111,0.303,0.212,0.061,0.25,0.192,0.133,0.956,0.099,0.129,0.076,0.072,1.0
21.45565,0.299,0.172,0.067,0.141,0.159,0.062,0.53,0.06,0.109,0.042,0.081,1.0
21.66372,0.185,0.237,0.055,0.095,0.111,0.054,0.469,0.043,0.066,0.04,0.073,1.0
22.06499,0.129,0.119,0.047,0.067,0.081,0.024,0.239,0.017,0.065,0.024,0.057,1.0
22.60476,1.0,0.64,0.048,0.086,0.156,0.048,0.373,0.114,0.539,0.449,0.924,0.535
22.72073,0.254,0.283,0.143,0.169,0.133,0.094,0.629,0.046,0.106,0.058,0.159,1.0
23.20717,0.271,0.606,0.125,0.063,0.061,0.037,0.213,0.023,0.098,0.041,0.068,1.0
23.66163,0.144,1.0,0.413,0.109,0.111,0.09,0.18,0.073,0.241,0.057,0.051,0.15
24.30562,0.184,1.0,0.404,0.051,0.102,0.044,0.064,0.042,0.119,0.014,0.012,0.102
24.50707,0.099,1.0,0.256,0.065,0.171,0.141,0.165,0.117,0.32,0.046,0.022,0.111
24.76404,0.621,1.0,0.694,0.557,0.136,0.14,0.231,0.22,0.226,0.2,0.525,0.551
24.84095,0.156,1.0,0.383,0.044,0.058,0.019,0.025,0.019,0.146,0.009,0.007,0.04
25.07692,0.258,1.0,0.51,0.093,0.079,0.055,0.047,0.033,0.135,0.017,0.009,0.09
25.27002,0.241,1.0,0.093,0.054,0.139,0.098,0.075,0.109,0.391,0.121,0.095,0.091
25.42467,0.071,1.0,0.545,0.168,0.11,0.102,0.049,0.042,0.21,0.036,0.019,0.083
25.64821,0.51,1.0,0.067,0.022,0.063,0.018,0.023,0.025,0.088,0.042,0.108,0.025
25.77932,0.19,1.0,0.456,0.042,0.062,0.015,0.007,0.006,0.085,0.01,0.004,0.028
26.04032,0.259,1.0,0.519,0.151,0.11,0.024,0.026,0.016,0.11,0.025,0.011,0.099
26.23279,0.928,1.0,0.099,0.121,0.346,0.068,0.173,0.206,0.484,0.354,0.593,0.171
26.41211,0.081,1.0,0.195,0.029,0.043,0.017,0.008,0.01,0.082,0.016,0.007,0.034
26.87102,0.067,1.0,0.52,0.062,0.091,0.035,0.012,0.039,0.308,0.033,0.009,0.053
27.13224,0.096,1.0,0.196,0.023,0.059,0.016,0.007,0.02,0.189,0.013,0.005,0.047
27.46395,0.182,1.0,0.449,0.024,0.063,0.018,0.007,0.012,0.145,0.017,0.005,0.041
27.72381,0.114,1.0,0.176,0.08,0.113,0.03,0.017,0.034,0.19,0.086,0.037,0.083
28.2176,0.259,1.0,0.089,0.068,0.316,0.122,0.082,0.103,0.304,0.451,0.139,0.145
29.02476,0.328,0.592,0.083,0.149,1.0,0.164,0.253,0.234,0.868,0.769,0.123,0.496
29.35002,0.24,0.815,0.119,0.168,1.0,0.443,0.273,0.297,0.527,0.445,0.086,0.461
29.62866,0.2,0.541,0.114,0.216,1.0,0.297,0.124,0.251,0.287,0.348,0.068,0.306
29.96522,0.144,0.312,0.237,0.311,1.0,0.238,0.16,0.246,0.41,0.577,0.098,0.262
30.2434,0.08,0.336,0.103,0.149,0.526,0.165,0.086,0.153,0.286,1.0,0.26,0.193
30.95252,0.195,0.57,0.054,0.128,1.0,0.046,0.134,0.154,0.694,0.532,0.255,0.136
31.12626,0.215,0.48,0.11,0.231,0.787,0.155,0.111,0.189,0.649,1.0,0.233,0.251
31.5039,0.874,0.621,0.59,0.668,0.93,0.646,1.0,0.999,0.972,0.877,0.74,0.925
31.57338,0.579,0.607,0.06,0.124,1.0,0.092,0.228,0.222,0.733,0.777,0.674,0.216
31.69506,0.631,0.554,0.284,0.35,0.846,0.24,0.763,0.752,1.0,0.808,0.685,0.7
31.78254,0.363,0.547,0.393,0.263,1.0,0.334,0.152,0.188,0.383,0.617,0.112,0.547
32.10739,0.064,0.276,0.038,0.058,0.475,0.103,0.036,0.039,0.329,1.0,0.481,0.163
32.4961,0.071,0.288,0.075,0.113,1.0,0.155,0.097,0.084,0.217,0.536,0.059,0.342
32.71737,0.052,0.224,0.049,0.135,1.0,0.053,0.051,0.043,0.117,0.234,0.033,0.393
32.93728,0.422,0.435,0.38,0.432,1.0,0.46,0.688,0.675,0.705,0.691,0.34,0.682
33.02993,0.209,0.158,0.021,0.053,0.574,0.048,0.388,0.371,0.96,1.0,0.73,0.455
33.1873,0.054,0.179,0.06,0.173,1.0,0.135,0.102,0.028,0.103,0.149,0.048,0.707
33.42023,0.271,0.196,0.056,0.171,1.0,0.122,0.169,0.095,0.192,0.148,0.208,0.643
33.51787,0.045,0.064,0.049,0.343,1.0,0.075,0.054,0.016,0.074,0.046,0.033,0.575
33.79088,0.696,0.284,0.206,0.365,0.691,0.283,0.232,0.163,0.148,0.056,0.365,1.0
33.86113,0.284,0.222,0.077,0.166,0.797,0.123,0.169,0.104,0.126,0.081,0.118,1.0
33.97673,0.366,0.383,0.365,0.441,1.0,0.463,0.244,0.175,0.182,0.11,0.218,0.789
34.06889,0.186,0.137,0.053,0.083,0.654,0.051,0.081,0.039,0.134,0.057,0.077,1.0
34.21483,0.121,0.1,0.071,0.129,1.0,0.097,0.121,0.072,0.167,0.058,0.11,0.832
34.3712,0.485,0.574,0.567,0.65,1.0,0.638,0.285,0.242,0.096,0.066,0.267,0.656
34.44086,0.333,0.498,0.077,0.144,0.689,0.116,0.102,0.06,0.142,0.062,0.159,1.0
34.53973,0.069,0.077,0.053,0.114,1.0,0.115,0.149,0.044,0.125,0.03,0.066,0.583
34.73701,0.304,0.282,0.079,0.202,1.0,0.129,0.144,0.094,0.167,0.064,0.125,0.969
34.84095,0.081,0.05,0.028,0.165,1.0,0.084,0.109,0.028,0.088,0.02,0.043,0.45
35.1259,0.032,0.035,0.043,0.346,1.0,0.088,0.057,0.016,0.057,0.011,0.022,0.434
35.3932,0.212,0.108,0.063,0.122,0.881,0.09,0.128,0.06,0.13,0.054,0.118,1.0
35.52707,0.145,0.087,0.061,0.091,0.659,0.071,0.102,0.027,0.074,0.019,0.044,1.0
35.68322,0.287,0.161,0.099,0.248,1.0,0.171,0.299,0.124,0.246,0.096,0.143,0.884
35.77624,0.137,0.08,0.053,0.132,1.0,0.375,0.235,0.033,0.157,0.031,0.041,0.813
36.04381,0.175,0.432,0.415,0.504,1.0,0.563,0.164,0.132,0.074,0.016,0.069,0.361
36.1307,0.199,0.252,0.083,0.131,1.0,0.083,0.123,0.039,0.085,0.052,0.116,0.461
36.28027,0.15,0.307,0.042,0.162,1.0,0.091,0.081,0.041,0.127,0.038,0.086,0.405
36.38027,0.222,0.287,0.166,0.178,1.0,0.286,0.256,0.1,0.316,0.055,0.051,0.894
36.54186,0.04,0.029,0.027,0.203,1.0,0.173,0.169,0.039,0.088,0.011,0.016,0.377
36.80952,0.032,0.027,0.047,0.204,1.0,0.13,0.115,0.027,0.062,0.009,0.02,0.191
37.22141,0.1,0.189,0.079,0.112,1.0,0.094,0.401,0.035,0.08,0.046,0.058,0.371
37.40671,0.085,0.046,0.037,0.184,1.0,0.098,0.188,0.027,0.042,0.019,0.038,0.508
37.82476,0.278,0.318,0.114,0.228,1.0,0.128,0.671,0.061,0.087,0.051,0.162,0.803
37.99338,0.057,0.066,0.051,0.122,0.382,0.076,0.287,0.025,0.03,0.028,0.06,1.0
38.80063,0.113,0.067,0.024,0.225,0.336,0.078,0.369,0.039,0.026,0.021,0.082,1.0
39.06862,0.298,0.112,0.037,0.188,0.269,0.051,0.4,0.04,0.032,0.017,0.06,1.0
39.34467,0.278,0.108,0.032,0.18,0.166,0.066,0.35,0.028,0.033,0.019,0.08,1.0
39.54907,0.107,0.16,0.05,0.186,0.166,0.087,0.565,0.049,0.065,0.037,0.149,1.0
39.94481,0.356,0.077,0.043,0.119,0.129,0.027,0.274,0.043,0.04,0.011,0.04,1.0
40.23424,0.098,0.228,0.12,0.121,0.161,0.086,0.436,0.039,0.078,0.056,0.167,1.0
40.65252,0.272,0.162,0.039,0.194,0.129,0.052,0.303,0.067,0.059,0.014,0.038,1.0
40.94354,0.6,0.326,0.069,0.203,0.176,0.116,0.411,0.101,0.111,0.038,0.083,1.0
41.13483,0.154,0.343,0.241,0.343,0.187,0.071,0.43,0.083,0.082,0.036,0.096,1.0
41.37238,0.285,0.157,0.058,0.274,0.117,0.044,0.415,0.04,0.049,0.029,0.035,1.0
41.73823,0.362,0.249,0.172,0.162,0.099,0.099,0.29,0.052,0.052,0.021,0.035,1.0
42.10884,0.239,0.317,0.084,0.095,0.071,0.028,0.17,0.036,0.073,0.037,0.053,1.0
42.78254,0.217,0.983,0.278,0.238,0.172,0.086,0.242,0.056,0.275,0.064,0.098,1.0
43.28195,0.069,1.0,0.233,0.096,0.28,0.063,0.088,0.068,0.224,0.059,0.045,0.353
43.65959,0.199,1.0,0.409,0.392,0.796,0.175,0.218,0.123,0.342,0.086,0.122,0.689
44.17138,0.13,1.0,0.269,0.17,0.467,0.068,0.077,0.1,0.222,0.052,0.036,0.185
44.97125,0.668,1.0,0.688,0.731,0.503,0.217,0.231,0.231,0.474,0.241,0.55,0.647
45.05311,0.152,1.0,0.435,0.167,0.398,0.063,0.045,0.107,0.258,0.068,0.044,0.38
45.63134,0.339,1.0,0.297,0.105,0.246,0.086,0.049,0.059,0.15,0.027,0.025,0.357
45.90576,0.509,1.0,0.066,0.058,0.191,0.025,0.038,0.054,0.195,0.076,0.107,0.135
46.03279,0.784,1.0,0.743,0.714,0.324,0.219,0.214,0.209,0.294,0.193,0.658,0.732
46.11465,0.17,1.0,0.66,0.113,0.261,0.036,0.048,0.089,0.204,0.048,0.019,0.324
46.42785,0.48,1.0,0.376,0.125,0.286,0.091,0.049,0.068,0.14,0.04,0.031,0.521
46.66118,0.136,1.0,0.381,0.061,0.139,0.05,0.034,0.029,0.128,0.087,0.034,0.217
47.06676,0.207,1.0,0.222,0.09,0.172,0.031,0.052,0.079,0.126,0.056,0.026,0.622
47.40957,0.324,1.0,0.331,0.175,0.534,0.112,0.101,0.094,0.76,0.477,0.143,0.818
48.35596,0.734,0.411,0.168,0.233,0.867,0.283,0.158,0.166,0.26,0.656,0.229,1.0
48.57519,0.337,1.0,0.229,0.227,0.695,0.104,0.11,0.098,0.289,0.247,0.082,0.768
48.76154,0.632,0.493,0.289,0.219,0.575,0.242,0.125,0.232,0.437,0.676,0.404,1.0
49.17365,0.146,1.0,0.138,0.083,0.5,0.138,0.055,0.165,0.105,0.15,0.063,0.514
49.53819,0.693,1.0,0.22,0.201,0.783,0.426,0.133,0.229,0.252,0.446,0.111,0.717
49.90503,0.51,0.725,0.147,0.105,0.372,0.112,0.495,0.47,1.0,0.835,0.731,0.38
50.02721,0.507,0.88,0.248,0.256,1.0,0.308,0.136,0.212,0.706,0.882,0.132,0.522
50.77052,0.357,0.89,0.203,0.247,1.0,0.142,0.095,0.096,0.718,0.858,0.142,0.427
51.2459,0.454,1.0,0.414,0.338,0.61,0.18,0.757,0.118,0.333,0.254,0.102,0.768
51.47274,0.169,0.416,0.141,0.139,1.0,0.177,0.158,0.065,0.338,0.897,0.186,0.387
52.21043,0.429,0.692,0.289,0.338,0.795,0.459,0.837,0.656,1.0,0.854,0.621,0.583
52.33868,0.11,0.233,0.103,0.189,1.0,0.245,0.137,0.033,0.268,0.704,0.247,0.559
52.76748,0.181,0.76,0.095,0.386,1.0,0.15,0.483,0.105,0.156,0.189,0.092,0.959
52.97574,0.447,0.576,0.282,0.354,0.613,0.335,0.45,0.289,1.0,0.171,0.17,0.676
53.07066,0.428,0.661,0.336,0.419,1.0,0.465,0.363,0.155,0.654,0.061,0.07,0.971
53.20866,0.262,0.24,0.078,0.113,0.469,0.187,0.222,0.07,0.339,0.042,0.126,1.0
53.42939,0.241,0.491,0.157,0.172,0.477,0.126,0.264,0.053,0.296,0.107,0.151,1.0
53.58558,0.3,0.315,0.172,0.181,0.825,0.193,0.479,0.12,1.0,0.176,0.085,0.947
53.74907,0.082,0.186,0.146,0.165,1.0,0.131,0.272,0.04,0.164,0.045,0.062,0.584
54.34653,0.213,0.416,0.248,0.271,1.0,0.222,0.215,0.064,0.081,0.018,0.06,0.661
54.5829,0.594,0.737,0.29,0.365,0.939,0.301,0.248,0.068,0.333,0.175,0.318,1.0
54.72308,0.237,0.264,0.072,0.094,0.654,0.111,0.164,0.036,0.129,0.023,0.106,1.0
54.94925,0.142,0.154,0.088,0.278,1.0,0.185,0.157,0.053,0.201,0.025,0.063,0.803
55.21696,0.162,0.23,0.146,0.268,1.0,0.248,0.207,0.023,0.146,0.023,0.051,0.89
55.49007,0.107,0.273,0.041,0.225,1.0,0.086,0.143,0.037,0.168,0.012,0.031,0.406
55.69887,0.21,0.547,0.453,0.473,1.0,0.576,0.217,0.127,0.21,0.034,0.041,0.298
55.86154,0.137,0.209,0.071,0.283,1.0,0.242,0.318,0.135,0.25,0.028,0.044,0.656
56.08163,0.355,0.587,0.411,0.508,1.0,0.502,0.369,0.189,0.268,0.05,0.142,0.461
56.19873,0.053,0.048,0.022,0.315,1.0,0.178,0.119,0.012,0.109,0.04,0.06,0.529
56.61061,0.144,0.333,0.306,0.321,1.0,0.402,0.156,0.094,0.117,0.033,0.034,0.351
56.79583,0.174,0.085,0.048,0.096,1.0,0.052,0.212,0.066,0.215,0.021,0.055,0.914
57.12667,0.098,0.103,0.029,0.083,0.675,0.075,0.224,0.043,0.16,0.465,0.144,1.0
58.08476,1.0,0.271,0.029,0.102,0.506,0.038,0.342,0.139,0.547,0.518,0.993,0.888
58.21773,0.414,0.046,0.025,0.046,0.208,0.017,0.191,0.045,0.208,0.014,0.037,1.0
58.53211,0.209,0.084,0.03,0.048,0.137,0.025,0.106,0.023,0.222,0.011,0.031,1.0
58.89751,0.222,0.059,0.019,0.061,0.123,0.027,0.144,0.035,0.09,0.021,0.078,1.0
59.32748,1.0,0.521,0.02,0.091,0.177,0.019,0.293,0.052,0.295,0.09,0.635,0.614
59.49474,0.234,0.287,0.142,0.128,0.285,0.098,1.0,0.125,0.2,0.028,0.1,0.985
59.71751,0.306,0.096,0.027,0.066,0.105,0.034,0.423,0.028,0.121,0.012,0.053,1.0
60.01705,0.153,0.153,0.033,0.063,0.056,0.013,0.218,0.02,0.068,0.021,0.071,1.0
60.78417,1.0,0.48,0.065,0.156,0.161,0.098,0.663,0.189,0.429,0.305,0.595,0.977
60.88327,0.156,0.178,0.022,0.078,0.039,0.03,0.253,0.022,0.037,0.015,0.071,1.0
61.35923,0.128,0.204,0.062,0.068,0.266,0.033,0.185,0.018,0.068,0.016,0.104,1.0
61.99796,0.204,1.0,0.262,0.081,0.268,0.067,0.216,0.045,0.219,0.112,0.072,0.613
62.89574,0.144,1.0,0.082,0.038,0.233,0.044,0.059,0.031,0.247,0.035,0.03,0.138
63.6585,0.076,1.0,0.504,0.108,0.252,0.053,0.048,0.052,0.235,0.018,0.035,0.189
64.01696,0.551,1.0,0.469,0.448,0.395,0.214,0.285,0.27,0.257,0.219,0.413,0.573
64.1098,0.218,1.0,0.371,0.053,0.18,0.031,0.027,0.017,0.105,0.015,0.015,0.163
64.3727,0.39,1.0,0.359,0.04,0.184,0.044,0.036,0.042,0.179,0.025,0.02,0.195
64.60925,0.38,1.0,0.042,0.027,0.109,0.008,0.029,0.024,0.075,0.031,0.035,0.107
64.7756,0.584,1.0,0.044,0.018,0.082,0.013,0.014,0.01,0.06,0.013,0.07,0.145
64.95193,0.45,1.0,0.081,0.056,0.135,0.026,0.083,0.071,0.37,0.071,0.085,0.235
65.10286,0.234,1.0,0.385,0.102,0.12,0.037,0.037,0.052,0.221,0.041,0.032,0.143
65.52082,0.051,1.0,0.109,0.016,0.033,0.015,0.061,0.011,0.064,0.015,0.007,0.069
66.07696,0.083,1.0,0.218,0.057,0.124,0.026,0.044,0.028,0.134,0.069,0.033,0.115
66.5771,0.54,1.0,0.039,0.024,0.04,0.007,0.06,0.052,0.17,0.105,0.091,0.066
66.72503,0.107,1.0,0.116,0.055,0.32,0.069,0.045,0.024,0.166,0.293,0.141,0.214
67.29138,0.201,0.413,0.136,0.145,0.348,0.142,0.107,0.039,0.338,1.0,0.143,0.686
68.38222,0.409,0.278,0.167,0.157,0.632,0.072,0.143,0.189,0.851,1.0,0.216,0.622
68.76603,0.177,0.628,0.183,0.169,1.0,0.239,0.102,0.098,0.347,0.856,0.199,0.667
68.99202,0.197,0.326,0.051,0.092,1.0,0.107,0.085,0.028,0.179,0.751,0.123,0.289
69.2717,0.065,0.346,0.052,0.106,0.394,0.052,0.04,0.032,0.335,1.0,0.109,0.124
69.9566,0.069,0.138,0.03,0.083,0.301,0.064,0.167,0.049,0.194,1.0,0.065,0.138
70.74503,0.042,0.101,0.018,0.041,0.197,0.037,0.029,0.018,0.32,1.0,0.253,0.106
71.16222,0.137,0.329,0.085,0.186,1.0,0.171,0.087,0.056,0.318,0.9,0.508,0.428
71.36667,0.033,0.059,0.031,0.039,0.442,0.032,0.048,0.028,0.128,1.0,0.247,0.13
71.91605,0.349,1.0,0.671,0.699,0.999,0.723,0.65,0.62,0.619,0.692,0.46,0.482
71.99438,0.062,0.212,0.045,0.074,1.0,0.137,0.077,0.035,0.473,0.069,0.026,0.584
72.33669,0.303,0.614,0.216,0.371,1.0,0.437,0.248,0.16,0.432,0.062,0.114,0.806
72.45197,0.464,0.759,0.154,0.373,1.0,0.35,0.157,0.124,0.218,0.071,0.094,0.889
72.55587,0.04,0.135,0.037,0.193,1.0,0.121,0.106,0.05,0.332,0.035,0.036,0.467
72.99778,0.211,0.239,0.084,0.526,1.0,0.305,0.207,0.074,0.209,0.038,0.075,0.939
73.25914,0.042,0.137,0.03,0.386,1.0,0.263,0.066,0.015,0.055,0.019,0.027,0.421
73.51955,0.057,0.128,0.068,0.258,1.0,0.263,0.077,0.022,0.055,0.009,0.022,0.731
73.86331,0.28,0.352,0.243,0.401,1.0,0.381,0.244,0.173,0.132,0.087,0.102,0.489
73.97279,0.161,0.353,0.205,0.316,1.0,0.341,0.196,0.124,0.082,0.037,0.048,0.349
74.10045,0.069,0.152,0.098,0.171,1.0,0.153,0.112,0.024,0.082,0.013,0.023,0.675
74.40703,0.034,0.087,0.019,0.217,1.0,0.135,0.092,0.02,0.058,0.009,0.019,0.417
74.68122,0.057,0.059,0.057,0.18,1.0,0.17,0.244,0.069,0.075,0.02,0.024,0.417
75.30204,0.176,0.314,0.049,0.134,1.0,0.241,0.405,0.06,0.114,0.012,0.061,0.659
75.49959,0.198,0.302,0.273,0.36,1.0,0.393,0.22,0.135,0.101,0.02,0.051,0.271
75.63351,0.037,0.059,0.027,0.081,1.0,0.25,0.12,0.012,0.075,0.007,0.014,0.192
75.91728,0.196,0.405,0.325,0.403,1.0,0.437,0.271,0.128,0.101,0.016,0.036,0.438
76.06272,0.023,0.032,0.013,0.072,1.0,0.045,0.075,0.012,0.04,0.071,0.016,0.147
76.72939,0.284,0.135,0.027,0.245,0.572,0.232,0.304,0.047,0.451,0.033,0.058,1.0
76.97415,0.355,0.185,0.086,0.103,0.278,0.086,0.43,0.041,0.17,0.028,0.068,1.0
77.22998,0.317,0.103,0.029,0.067,0.136,0.065,0.357,0.05,0.37,0.024,0.033,1.0
77.55429,0.12,0.105,0.06,0.111,0.288,0.088,0.216,0.024,0.105,0.043,0.12,1.0
77.97243,0.327,0.25,0.107,0.069,0.333,0.095,0.331,0.046,0.05,0.02,0.053,1.0
78.25175,0.143,0.138,0.017,0.068,0.19,0.046,0.367,0.053,0.059,0.019,0.042,1.0
78.62286,1.0,0.608,0.028,0.073,0.115,0.057,0.472,0.046,0.278,0.252,0.825,0.313
78.76186,0.477,0.148,0.114,0.111,0.117,0.089,0.453,0.045,0.045,0.021,0.092,1.0
78.98286,0.376,0.318,0.122,0.274,0.316,0.098,1.0,0.043,0.102,0.021,0.076,0.989
79.27828,0.526,0.176,0.089,0.134,0.433,0.299,1.0,0.341,0.268,0.24,0.506,0.545
79.36567,0.561,0.468,0.042,0.121,0.221,0.187,1.0,0.199,0.21,0.158,0.441,0.678
79.46476,0.161,0.421,0.104,0.148,0.17,0.127,0.879,0.084,0.073,0.031,0.174,1.0
79.94077,0.167,0.099,0.033,0.055,0.044,0.022,0.263,0.019,0.064,0.019,0.128,1.0
80.40526,0.24,0.177,0.038,0.104,0.362,0.044,0.288,0.028,0.055,0.017,0.2,1.0
80.78231,0.122,0.377,0.092,0.16,0.322,0.042,0.268,0.044,0.087,0.178,0.098,1.0
81.60698,0.262,1.0,0.587,0.23,0.158,0.053,0.285,0.074,0.591,0.096,0.083,0.425
82.09469,0.436,1.0,0.452,0.331,0.144,0.05,0.219,0.133,0.33,0.057,0.066,0.312
82.29274,0.394,1.0,0.024,0.072,0.049,0.014,0.069,0.025,0.395,0.019,0.03,0.119
82.46027,0.186,1.0,0.471,0.091,0.072,0.029,0.074,0.03,0.124,0.014,0.022,0.374
82.76204,0.179,1.0,0.571,0.119,0.177,0.067,0.212,0.05,0.194,0.037,0.04,0.737
83.03043,0.131,1.0,0.404,0.086,0.07,0.044,0.057,0.031,0.113,0.027,0.031,0.332
83.32934,0.523,1.0,0.4,0.188,0.137,0.043,0.122,0.075,0.309,0.058,0.088,0.667
83.52925,0.413,1.0,0.034,0.021,0.018,0.008,0.021,0.013,0.17,0.012,0.024,0.149
83.70798,0.102,1.0,0.091,0.069,0.051,0.029,0.031,0.028,0.114,0.028,0.028,0.135
84.22281,0.227,1.0,0.325,0.114,0.115,0.063,0.206,0.099,0.273,0.054,0.069,0.453
84.71896,0.259,1.0,0.548,0.063,0.045,0.018,0.071,0.017,0.089,0.008,0.012,0.162
84.92907,0.102,1.0,0.416,0.029,0.055,0.015,0.03,0.01,0.065,0.015,0.015,0.112
85.21719,0.248,1.0,0.54,0.064,0.055,0.02,0.032,0.019,0.141,0.024,0.013,0.268
85.42621,0.043,1.0,0.388,0.051,0.074,0.013,0.028,0.01,0.089,0.026,0.01,0.145
85.7746,0.552,1.0,0.05,0.06,0.225,0.027,0.072,0.052,0.185,0.119,0.037,0.102
85.91311,0.112,1.0,0.104,0.049,0.23,0.05,0.064,0.032,0.209,0.464,0.092,0.172
86.6629,0.209,0.235,0.068,0.047,0.392,0.092,0.087,0.063,0.41,1.0,0.091,0.159
87.44635,0.189,0.575,0.147,0.238,1.0,0.115,0.135,0.17,0.503,0.443,0.118,0.451
87.71211,0.319,0.816,0.175,0.185,1.0,0.28,0.49,0.459,0.718,0.658,0.427,0.479
87.82417,0.235,0.535,0.127,0.133,1.0,0.124,0.078,0.137,0.532,0.937,0.229,0.573
88.11977,0.128,0.338,0.08,0.139,0.885,0.071,0.079,0.121,0.373,1.0,0.19,0.197
88.40399,0.128,0.462,0.094,0.086,1.0,0.121,0.544,0.142,0.395,0.89,0.282,0.207
88.71156,0.153,0.302,0.05,0.096,0.42,0.122,0.349,0.333,0.782,1.0,0.213,0.16
89.6981,0.049,0.16,0.054,0.061,0.118,0.036,0.094,0.092,0.24,1.0,0.312,0.08
90.15098,0.071,0.338,0.039,0.048,0.189,0.036,0.152,0.06,0.336,1.0,0.128,0.1
90.70254,0.193,0.814,0.385,0.123,0.384,0.084,0.166,0.101,0.57,1.0,0.329,0.335
90.89442,0.305,1.0,0.32,0.046,0.108,0.042,0.068,0.094,0.556,0.108,0.043,0.158
91.08612,0.597,1.0,0.119,0.088,0.087,0.05,0.103,0.083,0.544,0.095,0.144,0.149
91.20807,0.508,1.0,0.081,0.076,0.064,0.035,0.055,0.028,0.491,0.036,0.065,0.08
91.3712,0.934,1.0,0.16,0.189,0.206,0.084,0.126,0.071,0.803,0.225,0.365,0.278
91.51415,0.64,1.0,0.174,0.184,0.155,0.081,0.176,0.053,0.868,0.107,0.113,0.207
91.6727,0.193,1.0,0.212,0.086,0.117,0.065,0.104,0.049,0.509,0.078,0.055,0.322
92.12608,0.176,1.0,0.276,0.023,0.036,0.019,0.055,0.017,0.221,0.035,0.012,0.093
92.41592,0.161,1.0,0.188,0.05,0.062,0.027,0.052,0.021,0.209,0.038,0.031,0.202
92.80875,0.134,1.0,0.147,0.037,0.048,0.017,0.041,0.017,0.158,0.019,0.074,0.133
93.19932,0.564,1.0,0.053,0.057,0.085,0.037,0.026,0.014,0.13,0.025,0.128,0.237
93.33868,0.088,1.0,0.277,0.024,0.039,0.023,0.034,0.019,0.279,0.012,0.013,0.113
93.70372,0.592,1.0,0.096,0.062,0.07,0.039,0.047,0.091,0.506,0.08,0.225,0.245
93.80385,0.479,1.0,0.051,0.054,0.072,0.025,0.023,0.05,0.244,0.03,0.02,0.217
93.96435,0.32,1.0,0.535,0.035,0.045,0.02,0.045,0.064,0.142,0.014,0.009,0.183
94.17283,0.142,1.0,0.158,0.053,0.096,0.041,0.067,0.069,0.291,0.018,0.027,0.408
94.55655,0.057,1.0,0.08,0.034,0.096,0.046,0.042,0.031,0.117,0.016,0.014,0.205
95.50862,0.578,1.0,0.278,0.155,0.29,0.203,0.581,0.143,0.418,0.064,0.268,0.437
95.63696,0.097,0.201,0.074,0.056,0.082,0.093,0.272,0.052,0.087,0.056,0.157,1.0
96.28068,0.196,0.088,0.026,0.068,0.108,0.068,0.316,0.066,0.101,0.107,0.288,1.0
96.69447,1.0,0.372,0.28,0.386,0.114,0.146,0.933,0.506,0.49,0.449,0.985,0.75
96.78095,0.22,0.085,0.026,0.059,0.069,0.05,0.262,0.069,0.046,0.066,0.185,1.0
97.18912,0.8,0.236,0.135,0.25,0.343,0.282,0.983,0.588,0.477,0.474,0.64,1.0
97.28186,0.773,0.309,0.273,0.402,0.213,0.173,0.766,0.387,0.333,0.339,0.529,1.0
97.36268,0.292,0.122,0.026,0.123,0.1,0.046,0.304,0.07,0.039,0.038,0.079,1.0
97.57533,0.402,0.07,0.014,0.092,0.073,0.035,0.231,0.058,0.03,0.014,0.077,1.0
97.7849,1.0,0.525,0.029,0.074,0.068,0.049,0.282,0.173,0.495,0.495,0.87,0.498
97.88934,1.0,0.391,0.021,0.094,0.062,0.049,0.222,0.046,0.352,0.333,0.886,0.29
98.02372,1.0,0.415,0.035,0.183,0.146,0.041,0.267,0.04,0.334,0.322,0.891,0.496
98.16204,1.0,0.589,0.084,0.185,0.076,0.047,0.818,0.23,0.459,0.438,0.825,0.569
98.26662,0.183,0.114,0.022,0.111,0.084,0.033,0.301,0.087,0.033,0.035,0.056,1.0
98.56218,0.383,0.11,0.023,0.116,0.097,0.028,0.387,0.04,0.073,0.055,0.159,1.0
98.72018,0.896,0.49,0.049,0.156,0.135,0.117,0.601,0.065,0.16,0.145,0.431,1.0
98.84186,0.164,0.055,0.04,0.092,0.106,0.076,0.366,0.052,0.026,0.024,0.037,1.0
99.16621,1.0,0.271,0.13,0.174,0.089,0.065,0.46,0.262,0.34,0.326,0.951,0.53
99.25456,0.764,0.265,0.016,0.073,0.201,0.044,0.198,0.033,0.106,0.089,0.361,1.0
99.40435,0.411,0.055,0.017,0.051,0.103,0.038,0.264,0.025,0.037,0.031,0.031,1.0
99.67755,0.378,0.048,0.02,0.06,0.122,0.113,0.216,0.038,0.042,0.062,0.041,1.0
99.94517,0.269,0.076,0.026,0.067,0.191,0.081,0.233,0.1,0.039,0.053,0.039,1.0
100.28077,0.586,0.165,0.039,0.133,0.397,0.123,0.465,0.184,0.228,0.185,0.438,1.0
100.45469,0.082,0.104,0.032,0.084,0.204,0.099,0.08,0.109,0.207,1.0,0.165,0.172
100.77342,0.038,0.08,0.018,0.065,0.245,0.054,0.051,0.074,0.121,1.0,0.126,0.112
101.13465,0.3,0.235,0.057,0.203,0.701,0.224,0.501,0.524,1.0,0.738,0.668,0.332
101.25116,0.093,0.13,0.042,0.144,0.541,0.09,0.074,0.143,0.763,1.0,0.375,0.303
101.4537,0.08,0.158,0.05,0.215,0.778,0.076,0.082,0.164,0.823,1.0,0.538,0.377
101.64957,0.041,0.131,0.045,0.123,0.318,0.099,0.079,0.127,0.357,1.0,0.307,0.213
102.03878,0.042,0.112,0.042,0.145,0.272,0.051,0.044,0.104,0.576,1.0,0.292,0.188
102.27787,0.069,0.219,0.08,0.131,0.524,0.128,0.112,0.207,0.518,1.0,0.563,0.414
102.66249,0.112,0.394,0.081,0.158,1.0,0.199,0.137,0.217,0.732,0.836,0.272,0.53
102.87601,0.133,0.291,0.039,0.239,0.885,0.26,0.492,0.519,1.0,0.686,0.409,0.504
103.00934,0.106,0.59,0.099,0.123,1.0,0.101,0.095,0.246,0.499,0.375,0.134,0.422
103.28177,0.099,0.205,0.072,0.122,0.837,0.141,0.08,0.192,0.863,1.0,0.231,0.46
103.65406,0.195,0.337,0.038,0.14,0.343,0.114,0.465,0.45,1.0,0.995,0.623,0.317
103.78172,0.121,0.22,0.041,0.142,0.639,0.069,0.083,0.207,0.442,1.0,0.182,0.389
104.14077,0.026,0.114,0.028,0.053,0.236,0.035,0.033,0.063,0.192,1.0,0.254,0.089
104.52494,0.188,0.171,0.129,0.183,0.41,0.143,0.556,0.538,1.0,0.96,0.563,0.218
104.61134,0.064,0.112,0.039,0.081,0.461,0.052,0.071,0.106,0.306,1.0,0.383,0.198
105.0068,0.209,0.287,0.119,0.299,1.0,0.209,0.218,0.238,0.745,0.738,0.347,0.564
105.21025,0.205,0.609,0.093,0.381,0.761,0.352,0.424,0.381,0.813,0.564,0.517,1.0
105.31946,0.09,0.487,0.041,0.082,0.223,0.097,0.07,0.06,0.266,1.0,0.088,0.167
106.55664,0.105,1.0,0.099,0.104,0.376,0.06,0.047,0.044,0.134,0.217,0.064,0.155
106.80059,0.104,0.492,0.085,0.159,0.363,0.132,0.092,0.081,0.583,1.0,0.139,0.146
107.60825,0.145,1.0,0.267,0.224,0.669,0.191,0.078,0.153,0.478,0.892,0.362,0.429
107.82612,0.133,0.637,0.192,0.217,0.989,0.328,0.548,0.24,1.0,0.999,0.447,0.271
108.30925,0.162,0.609,0.275,0.113,0.379,0.118,0.472,0.408,0.894,1.0,0.274,0.288
109.001,0.206,0.391,0.074,0.085,0.382,0.145,0.477,0.414,0.675,1.0,0.375,0.174
109.13365,0.073,0.497,0.126,0.102,0.384,0.108,0.188,0.099,0.252,1.0,0.196,0.251
109.40744,0.04,0.297,0.099,0.04,0.203,0.042,0.128,0.055,0.179,1.0,0.142,0.143
109.86544,0.183,0.31,0.038,0.058,0.277,0.058,0.253,0.222,0.941,1.0,0.415,0.209
110.04594,0.607,0.509,0.045,0.089,0.343,0.191,0.632,0.537,0.99,1.0,0.803,0.22
110.15052,0.527,1.0,0.199,0.127,0.134,0.082,0.216,0.225,0.742,0.537,0.101,0.339
110.29397,0.662,0.772,0.453,0.447,0.132,0.114,0.34,0.343,1.0,0.547,0.589,0.584
110.37578,0.269,1.0,0.156,0.133,0.122,0.032,0.096,0.065,0.427,0.138,0.03,0.138
110.5444,0.337,1.0,0.49,0.118,0.094,0.052,0.07,0.032,0.456,0.168,0.031,0.124
110.77098,0.575,1.0,0.19,0.163,0.144,0.086,0.054,0.082,0.332,0.121,0.145,0.118
110.88122,0.446,1.0,0.276,0.205,0.147,0.105,0.146,0.099,0.355,0.156,0.085,0.189
110.99125,0.149,1.0,0.248,0.036,0.055,0.024,0.027,0.016,0.109,0.057,0.013,0.068
111.37537,0.131,1.0,0.276,0.034,0.055,0.022,0.037,0.02,0.177,0.035,0.009,0.119
111.6844,0.701,1.0,0.05,0.046,0.056,0.017,0.02,0.022,0.133,0.043,0.205,0.035
111.81587,0.684,1.0,0.069,0.079,0.091,0.025,0.026,0.025,0.151,0.045,0.108,0.071
112.00154,0.136,1.0,0.227,0.051,0.055,0.023,0.016,0.017,0.132,0.039,0.009,0.098
112.32698,0.484,1.0,0.112,0.112,0.145,0.039,0.031,0.023,0.402,0.045,0.088,0.139
112.47229,0.718,1.0,0.139,0.18,0.174,0.042,0.094,0.08,0.58,0.176,0.338,0.334
112.61701,0.231,1.0,0.36,0.049,0.056,0.035,0.038,0.027,0.212,0.044,0.013,0.11
112.89551,0.111,1.0,0.115,0.044,0.046,0.025,0.028,0.051,0.151,0.019,0.01,0.108
113.68562,0.687,1.0,0.028,0.022,0.045,0.012,0.022,0.04,0.128,0.03,0.233,0.081
113.7956,0.106,1.0,0.093,0.035,0.091,0.02,0.019,0.021,0.086,0.016,0.012,0.116
114.36449,0.115,1.0,0.093,0.065,0.101,0.08,0.082,0.03,0.155,0.075,0.042,0.367
114.99755,0.194,0.29,0.096,0.086,0.136,0.136,0.387,0.099,0.146,0.038,0.094,1.0
115.2756,0.155,0.188,0.047,0.103,0.134,0.084,0.389,0.041,0.132,0.166,0.24,1.0
115.89646,0.129,0.099,0.021,0.083,0.082,0.057,0.26,0.034,0.043,0.085,0.12,1.0
116.38408,0.316,0.153,0.04,0.124,0.081,0.076,0.415,0.04,0.042,0.053,0.054,1.0
116.6176,0.309,0.092,0.016,0.082,0.059,0.024,0.175,0.024,0.033,0.051,0.031,1.0
116.91823,0.308,0.082,0.013,0.071,0.078,0.037,0.225,0.035,0.03,0.032,0.033,1.0
117.17959,0.241,0.157,0.024,0.12,0.071,0.056,0.501,0.051,0.044,0.03,0.034,1.0
117.41732,0.268,0.064,0.013,0.061,0.063,0.019,0.29,0.024,0.032,0.033,0.031,1.0
117.71973,0.263,0.052,0.017,0.055,0.049,0.017,0.318,0.024,0.028,0.039,0.027,1.0
118.06254,0.12,0.089,0.041,0.113,0.137,0.082,0.497,0.041,0.08,0.04,0.076,1.0
118.51506,1.0,0.372,0.179,0.28,0.27,0.138,0.629,0.287,0.375,0.354,0.875,0.68
118.60136,1.0,0.37,0.038,0.071,0.205,0.054,0.368,0.052,0.327,0.309,0.828,0.394
118.74154,0.5,0.05,0.034,0.045,0.165,0.067,0.312,0.047,0.037,0.04,0.035,1.0
119.00209,0.258,0.154,0.078,0.088,0.213,0.154,0.522,0.094,0.105,0.126,0.262,1.0
119.41442,0.509,0.059,0.037,0.071,0.164,0.074,0.185,0.084,0.097,0.085,0.059,1.0
119.6819,0.056,0.184,0.046,0.076,0.189,0.105,0.113,0.054,0.403,1.0,0.136,0.199
120.19197,0.252,0.404,0.074,0.187,0.631,0.222,0.52,0.5,1.0,0.591,0.526,0.216
120.29782,0.165,0.201,0.023,0.091,0.259,0.096,0.471,0.444,1.0,0.745,0.528,0.142
120.44195,0.092,0.246,0.097,0.204,0.497,0.147,0.116,0.107,1.0,0.947,0.349,0.349
120.65025,0.146,0.348,0.065,0.2,0.376,0.104,0.218,0.204,1.0,0.49,0.364,0.183
120.78916,0.096,0.453,0.23,0.239,0.457,0.101,0.122,0.211,0.58,1.0,0.327,0.407
121.0859,0.158,0.163,0.09,0.168,0.231,0.105,0.279,0.325,1.0,0.72,0.517,0.284
121.17796,0.05,0.231,0.08,0.188,0.374,0.053,0.041,0.092,0.366,1.0,0.283,0.279
121.42871,0.058,0.173,0.082,0.287,0.625,0.067,0.055,0.141,0.555,1.0,0.212,0.297
121.74249,0.109,0.296,0.155,0.377,1.0,0.112,0.083,0.109,0.726,0.662,0.196,0.571
121.94481,0.217,0.161,0.049,0.13,0.381,0.114,0.482,0.474,1.0,0.937,0.643,0.347
122.09084,0.316,0.236,0.059,0.198,0.703,0.112,0.295,0.252,1.0,0.889,0.772,0.746
122.24748,0.073,0.202,0.037,0.062,0.467,0.057,0.041,0.086,0.307,1.0,0.175,0.248
122.71175,0.079,0.176,0.05,0.124,0.41,0.053,0.035,0.055,0.268,1.0,0.205,0.254
123.53619,0.312,0.343,0.075,0.285,0.93,0.112,0.287,0.264,0.704,1.0,0.585,0.808
123.65732,0.233,0.382,0.047,0.183,0.869,0.084,0.09,0.091,0.346,0.515,0.272,1.0
123.8322,0.338,0.434,0.058,0.215,0.822,0.227,0.472,0.468,0.911,1.0,0.526,0.523
123.96571,0.45,0.22,0.061,0.166,0.787,0.281,0.577,0.566,0.984,1.0,0.783,0.545
124.08145,0.213,0.227,0.059,0.213,1.0,0.119,0.137,0.058,0.113,0.913,0.239,0.725
124.42372,0.076,0.62,0.087,0.092,0.21,0.094,0.115,0.112,0.165,1.0,0.156,0.348
124.77832,0.169,0.529,0.089,0.138,0.908,0.177,0.19,0.114,0.459,1.0,0.278,0.719
125.00503,0.056,0.407,0.058,0.067,0.341,0.053,0.047,0.039,0.171,1.0,0.078,0.183
125.87478,0.196,1.0,0.075,0.077,0.545,0.073,0.299,0.279,0.71,0.841,0.535,0.498
126.04327,0.311,0.731,0.089,0.191,1.0,0.13,0.14,0.121,0.267,0.331,0.202,0.682
126.18299,0.106,0.657,0.051,0.063,0.535,0.151,0.085,0.067,0.221,1.0,0.139,0.494
126.53578,0.122,0.342,0.175,0.144,0.862,0.218,0.113,0.05,0.27,1.0,0.379,0.296
126.75197,0.38,0.323,0.041,0.108,0.635,0.086,0.251,0.234,0.952,1.0,0.939,0.148
126.90422,0.099,0.227,0.08,0.099,0.814,0.195,0.073,0.048,0.437,1.0,0.292,0.488
127.12268,0.137,0.453,0.111,0.155,1.0,0.131,0.099,0.096,0.285,0.758,0.197,0.405
127.53537,0.259,0.237,0.193,0.168,0.78,0.247,0.084,0.144,0.337,1.0,0.209,0.441
127.83179,0.177,0.325,0.124,0.168,0.626,0.149,0.072,0.094,0.422,1.0,0.356,0.311
128.05224,0.269,0.427,0.15,0.207,0.732,0.269,0.06,0.066,0.237,1.0,0.479,0.769
128.29624,0.175,0.374,0.037,0.037,0.232,0.029,0.373,0.367,0.995,1.0,0.687,0.149
128.4473,0.064,0.106,0.047,0.071,0.437,0.047,0.064,0.047,0.312,1.0,0.154,0.215
128.96957,0.07,0.17,0.027,0.032,0.171,0.036,0.35,0.33,1.0,0.962,0.568,0.18
129.14875,0.071,0.197,0.136,0.142,0.755,0.244,0.13,0.041,0.147,1.0,0.194,0.271
129.46875,0.162,0.341,0.43,0.9,1.0,0.446,0.252,0.095,0.199,0.443,0.186,0.818
129.67297,0.236,0.7,0.106,0.205,0.436,0.158,0.182,0.086,0.07,0.075,0.201,1.0
129.77683,0.033,0.02,0.026,0.166,1.0,0.283,0.12,0.011,0.031,0.057,0.032,0.282
130.13016,0.058,0.065,0.061,0.179,1.0,0.179,0.142,0.027,0.047,0.067,0.04,0.764
130.398,0.12,0.139,0.107,0.351,1.0,0.355,0.248,0.154,0.263,0.11,0.09,0.385
130.50776,0.221,0.34,0.063,0.298,1.0,0.248,0.163,0.063,0.219,0.023,0.107,0.306
130.62331,0.157,0.165,0.071,0.202,1.0,0.2,0.148,0.061,0.237,0.04,0.097,0.496
130.77456,0.041,0.019,0.058,0.104,1.0,0.356,0.134,0.026,0.116,0.024,0.033,0.325
131.21583,0.029,0.069,0.095,0.2,1.0,0.328,0.148,0.041,0.098,0.006,0.03,0.188
131.41415,0.187,0.366,0.361,0.476,1.0,0.675,0.408,0.37,0.208,0.064,0.059,0.322
131.4946,0.083,0.063,0.112,0.346,1.0,0.462,0.264,0.044,0.136,0.012,0.054,0.882
131.70213,0.039,0.048,0.071,0.129,1.0,0.233,0.175,0.039,0.088,0.011,0.034,0.378
131.99315,0.109,0.046,0.172,0.396,0.999,0.272,0.242,0.046,0.155,0.015,0.052,1.0
132.35968,0.084,0.059,0.038,0.148,1.0,0.393,0.142,0.028,0.078,0.013,0.032,0.443
132.77075,0.061,0.046,0.108,0.269,1.0,0.183,0.164,0.029,0.071,0.015,0.031,0.485
133.42263,0.275,0.455,0.289,0.393,1.0,0.484,0.277,0.116,0.066,0.046,0.111,0.716
133.56612,0.054,0.051,0.084,0.132,1.0,0.226,0.233,0.035,0.059,0.013,0.033,0.699
133.92667,0.363,0.444,0.351,0.487,1.0,0.577,0.58,0.328,0.263,0.129,0.117,0.481
134.05274,0.571,0.757,0.352,0.533,1.0,0.619,0.541,0.316,0.231,0.136,0.161,0.874
134.15896,0.197,0.033,0.037,0.152,0.788,0.185,0.419,0.048,0.08,0.044,0.1,1.0
134.59351,0.927,0.448,0.026,0.104,0.533,0.281,0.833,0.447,0.802,0.756,1.0,0.414
134.68653,0.268,0.148,0.045,0.144,0.463,0.138,0.868,0.06,0.081,0.027,0.066,1.0
134.96608,1.0,0.282,0.022,0.076,0.132,0.054,0.334,0.112,0.334,0.283,0.825,0.733
135.09937,0.135,0.028,0.033,0.067,0.149,0.036,0.216,0.032,0.04,0.076,0.113,1.0
135.70934,0.241,0.115,0.07,0.182,0.4,0.051,0.575,0.067,0.082,0.021,0.059,1.0
136.16259,0.106,0.103,0.041,0.186,0.18,0.045,0.395,0.042,0.066,0.01,0.024,1.0
136.49814,0.771,0.369,0.039,0.202,0.322,0.079,0.57,0.177,0.423,0.345,0.677,1.0
136.60345,1.0,0.493,0.037,0.096,0.158,0.066,0.52,0.215,0.471,0.428,0.792,0.736
136.70839,0.329,0.088,0.048,0.077,0.112,0.028,0.142,0.029,0.05,0.005,0.042,1.0
136.94005,0.306,0.06,0.016,0.087,0.112,0.02,0.131,0.02,0.043,0.007,0.022,1.0
137.26943,0.195,0.108,0.039,0.081,0.195,0.05,0.22,0.027,0.078,0.008,0.051,1.0
137.54971,0.302,0.138,0.065,0.139,0.085,0.015,0.153,0.023,0.055,0.008,0.028,1.0
137.82172,0.147,0.107,0.021,0.073,0.108,0.026,0.164,0.029,0.053,0.016,0.075,1.0
138.20612,0.155,0.353,0.108,0.069,0.108,0.018,0.11,0.03,0.04,0.015,0.154,1.0
138.64086,0.94,0.104,0.031,0.082,0.137,0.022,0.139,0.029,0.347,0.219,1.0,0.659
138.80902,0.307,0.467,0.193,0.074,0.119,0.069,0.124,0.029,0.095,0.035,0.094,1.0
139.25469,0.347,1.0,0.484,0.08,0.215,0.119,0.15,0.044,0.194,0.025,0.054,0.52
139.44177,0.629,1.0,0.029,0.075,0.214,0.043,0.084,0.044,0.189,0.07,0.246,0.323
139.57474,0.236,1.0,0.556,0.085,0.159,0.042,0.055,0.021,0.129,0.011,0.02,0.32
139.80118,0.256,1.0,0.556,0.29,0.317,0.121,0.115,0.064,0.227,0.036,0.026,0.567
140.12603,0.387,1.0,0.11,0.071,0.188,0.071,0.074,0.027,0.283,0.03,0.081,0.351
140.2776,0.515,1.0,0.064,0.066,0.087,0.037,0.045,0.023,0.161,0.034,0.044,0.173
140.44608,0.151,1.0,0.423,0.145,0.204,0.067,0.12,0.052,0.266,0.047,0.029,0.78
140.72998,0.116,1.0,0.22,0.036,0.063,0.023,0.018,0.013,0.08,0.027,0.013,0.072
141.11351,0.069,1.0,0.27,0.046,0.143,0.034,0.025,0.02,0.091,0.02,0.013,0.133
141.50186,0.611,1.0,0.058,0.023,0.063,0.043,0.019,0.037,0.094,0.036,0.194,0.17
141.60621,0.23,1.0,0.492,0.037,0.095,0.03,0.016,0.022,0.083,0.017,0.01,0.131
141.85057,0.187,1.0,0.439,0.039,0.123,0.031,0.016,0.027,0.15,0.033,0.016,0.141
142.11814,0.623,1.0,0.025,0.026,0.071,0.011,0.018,0.04,0.151,0.019,0.175,0.133
142.23959,0.488,1.0,0.026,0.033,0.097,0.031,0.019,0.026,0.112,0.033,0.1,0.147
142.40254,0.323,1.0,0.19,0.107,0.326,0.106,0.084,0.125,0.343,0.131,0.141,0.334
142.50113,0.128,1.0,0.141,0.06,0.323,0.106,0.039,0.055,0.316,0.09,0.035,0.323
142.71583,0.374,1.0,0.067,0.038,0.222,0.08,0.024,0.041,0.188,0.035,0.043,0.216
142.8776,0.162,1.0,0.353,0.039,0.165,0.078,0.036,0.025,0.179,0.083,0.032,0.084
143.13234,0.094,1.0,0.341,0.044,0.134,0.054,0.019,0.031,0.186,0.086,0.024,0.209
143.43642,0.161,0.72,0.172,0.204,0.728,0.209,0.093,0.158,0.689,1.0,0.203,0.636
144.31723,0.084,0.184,0.212,0.213,0.74,0.163,0.077,0.205,0.814,1.0,0.225,0.617
144.7707,0.181,0.864,0.231,0.143,1.0,0.234,0.168,0.219,0.359,0.932,0.16,0.438
144.99755,0.043,0.146,0.093,0.101,0.499,0.097,0.046,0.138,0.501,1.0,0.294,0.221
145.39138,0.057,0.171,0.069,0.11,0.584,0.119,0.068,0.094,0.523,1.0,0.283,0.236
145.84517,0.19,0.22,0.034,0.097,0.597,0.183,0.553,0.544,0.92,1.0,0.691,0.194
145.97206,0.107,0.098,0.016,0.031,0.193,0.039,0.307,0.296,0.844,1.0,0.56,0.217
146.14177,0.085,0.146,0.065,0.091,0.38,0.076,0.047,0.119,0.42,1.0,0.209,0.293
146.52912,0.246,0.26,0.263,0.242,0.864,0.085,0.101,0.135,0.344,1.0,0.265,0.515
146.738,0.092,0.392,0.159,0.106,1.0,0.101,0.074,0.081,0.221,0.747,0.074,0.409
147.03995,0.159,0.337,0.125,0.129,1.0,0.157,0.092,0.119,0.279,0.496,0.104,0.559
147.34776,0.077,0.133,0.033,0.06,0.469,0.094,0.048,0.036,0.278,1.0,0.105,0.302
148.46218,0.074,0.08,0.053,0.225,1.0,0.152,0.104,0.04,0.61,0.232,0.067,0.601
149.10703,0.263,0.107,0.063,0.247,1.0,0.259,0.111,0.079,0.445,0.103,0.318,0.763
149.2522,0.064,0.074,0.059,0.135,1.0,0.146,0.089,0.047,0.327,0.087,0.076,0.589
149.61202,0.05,0.035,0.035,0.078,1.0,0.12,0.066,0.021,0.141,0.082,0.047,0.443
149.93052,0.052,0.047,0.046,0.104,1.0,0.12,0.079,0.032,0.151,0.064,0.058,0.348
150.41882,0.053,0.02,0.045,0.128,1.0,0.194,0.079,0.045,0.143,0.04,0.076,0.556
150.87043,0.085,0.085,0.116,0.177,1.0,0.07,0.062,0.039,0.136,0.025,0.059,0.59
151.18522,0.148,0.044,0.025,0.169,1.0,0.174,0.116,0.045,0.103,0.03,0.089,0.846
151.39501,0.1,0.05,0.048,0.123,1.0,0.137,0.042,0.026,0.091,0.032,0.062,0.535
151.70703,0.117,0.038,0.034,0.112,1.0,0.068,0.081,0.035,0.093,0.027,0.035,0.244
151.9342,0.085,0.036,0.052,0.23,1.0,0.096,0.075,0.039,0.166,0.032,0.072,0.468
152.17107,0.176,0.087,0.025,0.098,1.0,0.093,0.077,0.024,0.157,0.045,0.122,0.368
152.34082,0.038,0.015,0.026,0.244,1.0,0.253,0.065,0.016,0.087,0.015,0.031,0.256
152.58435,0.058,0.028,0.028,0.078,1.0,0.165,0.136,0.035,0.073,0.022,0.028,0.408
152.93923,0.238,0.096,0.041,0.131,1.0,0.111,0.244,0.031,0.112,0.052,0.185,0.362
153.1015,0.841,0.237,0.072,0.28,0.969,0.19,0.376,0.125,0.394,0.283,0.577,1.0
153.23515,0.11,0.04,0.031,0.303,1.0,0.273,0.176,0.025,0.071,0.018,0.035,0.7
153.47782,0.446,0.141,0.023,0.107,0.392,0.039,0.16,0.017,0.125,0.079,0.39,1.0
153.65188,0.161,0.142,0.151,0.183,0.263,0.044,0.207,0.02,0.068,0.104,0.222,1.0
154.27955,0.141,0.095,0.116,0.509,0.222,0.051,0.215,0.037,0.053,0.053,0.123,1.0
155.00494,0.93,0.41,0.391,0.722,0.378,0.223,0.637,0.209,0.282,0.275,0.831,1.0
155.08036,0.178,0.075,0.045,0.099,0.113,0.025,0.191,0.016,0.04,0.016,0.063,1.0
155.69406,0.128,0.151,0.054,0.328,0.138,0.034,0.361,0.025,0.085,0.025,0.125,1.0
156.99025,0.459,0.07,0.021,0.068,0.133,0.031,0.237,0.026,0.031,0.007,0.055,1.0
157.26354,0.336,0.167,0.031,0.15,0.211,0.023,0.223,0.02,0.057,0.024,0.08,1.0
157.67528,0.252,0.373,0.207,0.302,0.169,0.038,0.25,0.027,0.123,0.026,0.079,1.0
157.96531,0.942,1.0,0.113,0.245,0.499,0.048,0.426,0.086,0.41,0.146,0.463,0.608
158.09859,0.145,1.0,0.121,0.142,0.158,0.062,0.084,0.032,0.173,0.032,0.034,0.399
159.02163,0.096,1.0,0.202,0.082,0.142,0.052,0.046,0.033,0.162,0.026,0.026,0.321
159.47537,0.12,1.0,0.12,0.07,0.097,0.041,0.059,0.034,0.187,0.023,0.019,0.149
160.04295,0.223,1.0,0.463,0.08,0.081,0.037,0.031,0.04,0.188,0.03,0.022,0.279
160.29324,0.481,1.0,0.16,0.089,0.152,0.065,0.029,0.06,0.395,0.038,0.16,0.126
160.41465,0.082,1.0,0.119,0.042,0.058,0.037,0.011,0.011,0.103,0.022,0.016,0.121
160.93782,0.054,1.0,0.12,0.031,0.108,0.035,0.014,0.014,0.178,0.027,0.026,0.087
161.58172,0.215,1.0,0.507,0.055,0.236,0.069,0.03,0.027,0.239,0.019,0.018,0.118
161.83542,0.299,1.0,0.566,0.05,0.103,0.031,0.016,0.029,0.161,0.025,0.011,0.141
162.04594,0.153,1.0,0.347,0.032,0.13,0.064,0.019,0.015,0.13,0.026,0.009,0.181
162.33048,0.316,1.0,0.291,0.108,0.355,0.159,0.078,0.089,0.538,0.218,0.046,0.621
162.63778,0.165,1.0,0.318,0.043,0.15,0.095,0.044,0.038,0.129,0.144,0.085,0.136
162.96435,0.122,0.459,0.091,0.07,0.233,0.094,0.062,0.038,0.394,1.0,0.257,0.338
163.34635,0.178,0.207,0.048,0.06,0.368,0.135,0.108,0.059,0.249,1.0,0.3,0.38
163.76939,0.113,0.214,0.096,0.077,0.496,0.116,0.062,0.067,0.192,1.0,0.211,0.291
164.44313,0.053,0.112,0.055,0.05,0.282,0.052,0.033,0.026,0.153,1.0,0.09,0.151
165.47134,0.145,0.225,0.075,0.213,1.0,0.191,0.095,0.046,0.311,0.987,0.303,0.333
165.68,0.137,0.399,0.065,0.241,1.0,0.206,0.061,0.057,0.268,0.772,0.156,0.468
165.95279,0.133,0.524,0.203,0.216,1.0,0.1,0.052,0.051,0.172,0.652,0.133,0.459
166.25469,0.027,0.09,0.029,0.038,0.213,0.038,0.058,0.017,0.205,1.0,0.105,0.144
167.02113,0.055,0.175,0.106,0.057,0.295,0.044,0.07,0.032,0.271,1.0,0.184,0.197
167.46227,0.055,0.188,0.038,0.094,1.0,0.088,0.071,0.031,0.159,0.797,0.159,0.261
167.80472,0.113,0.085,0.091,0.34,1.0,0.113,0.129,0.102,0.746,0.36,0.277,0.502
168.1307,0.081,0.082,0.13,0.224,1.0,0.119,0.093,0.045,0.498,0.364,0.139,0.665
168.60567,0.207,0.11,0.056,0.281,1.0,0.256,0.149,0.084,0.507,0.332,0.179,0.433
168.72762,0.092,0.054,0.063,0.347,1.0,0.275,0.109,0.035,0.303,0.147,0.107,0.6
168.94254,0.077,0.049,0.128,0.194,1.0,0.145,0.11,0.06,0.463,0.13,0.091,0.609
169.72608,0.056,0.027,0.026,0.102,1.0,0.227,0.057,0.031,0.273,0.062,0.092,0.684
169.99918,0.091,0.059,0.036,0.203,1.0,0.19,0.052,0.035,0.208,0.036,0.096,0.58
170.19628,0.034,0.013,0.018,0.115,1.0,0.063,0.048,0.018,0.165,0.033,0.036,0.409
170.74853,0.048,0.024,0.04,0.193,1.0,0.121,0.05,0.019,0.172,0.035,0.07,0.58
171.15447,0.091,0.048,0.017,0.242,1.0,0.226,0.041,0.023,0.123,0.017,0.045,0.696
171.37515,0.229,0.348,0.265,0.379,1.0,0.423,0.456,0.126,0.241,0.078,0.155,0.69
171.52032,0.059,0.045,0.011,0.297,1.0,0.15,0.091,0.014,0.146,0.011,0.024,0.502
171.7751,0.123,0.059,0.015,0.402,1.0,0.237,0.067,0.028,0.162,0.018,0.065,0.865
171.99007,0.155,0.114,0.03,0.234,0.876,0.129,0.181,0.04,0.245,0.023,0.07,1.0
172.20517,0.186,0.071,0.025,0.345,1.0,0.333,0.151,0.034,0.232,0.027,0.059,0.565
172.43202,0.516,0.311,0.197,0.322,0.792,0.303,0.204,0.066,0.209,0.057,0.236,1.0
172.58812,0.125,0.036,0.043,0.15,0.752,0.129,0.245,0.062,0.114,0.192,0.154,1.0
172.98186,1.0,0.391,0.029,0.123,0.206,0.082,0.392,0.189,0.442,0.515,0.795,0.955
173.1039,0.469,0.274,0.05,0.069,0.146,0.053,0.242,0.053,0.179,0.034,0.04,1.0
173.36499,1.0,0.286,0.131,0.164,0.155,0.024,0.287,0.053,0.402,0.326,0.945,0.602
173.53342,0.443,0.123,0.064,0.145,0.163,0.063,0.272,0.039,0.069,0.021,0.041,1.0
173.73166,0.32,0.284,0.236,0.423,0.196,0.065,0.552,0.06,0.189,0.052,0.131,1.0
174.72993,0.647,0.289,0.19,0.207,0.104,0.087,0.473,0.092,0.081,0.017,0.045,1.0
174.94431,0.594,0.192,0.114,0.275,0.148,0.109,0.62,0.076,0.102,0.018,0.052,1.0
175.14222,0.494,0.076,0.115,0.302,0.087,0.057,0.25,0.039,0.046,0.011,0.06,1.0
175.3332,0.33,0.21,0.135,0.355,0.13,0.05,0.397,0.047,0.082,0.037,0.187,1.0
175.86785,0.342,0.099,0.063,0.429,0.118,0.039,0.22,0.021,0.063,0.017,0.043,1.0
176.1063,0.224,0.181,0.05,0.277,0.127,0.057,0.322,0.045,0.059,0.051,0.115,1.0
176.51751,0.321,0.116,0.046,0.25,0.151,0.016,0.172,0.029,0.065,0.013,0.059,1.0
176.79079,0.158,0.109,0.1,0.099,0.137,0.028,0.125,0.024,0.082,0.035,0.085,1.0
177.28417,0.178,1.0,0.326,0.2,0.279,0.07,0.105,0.037,0.252,0.154,0.048,0.634
177.88812,0.442,1.0,0.26,0.15,0.195,0.039,0.056,0.059,0.614,0.122,0.047,0.394
178.09002,0.171,1.0,0.226,0.163,0.235,0.041,0.056,0.037,0.243,0.07,0.042,0.303
178.66667,0.352,1.0,0.385,0.056,0.178,0.052,0.045,0.054,0.267,0.042,0.032,0.465
178.99075,0.058,1.0,0.198,0.111,0.122,0.028,0.022,0.025,0.193,0.043,0.023,0.168
179.47415,0.606,1.0,0.099,0.067,0.11,0.013,0.025,0.049,0.353,0.105,0.271,0.086
179.57778,0.813,1.0,0.053,0.045,0.077,0.026,0.031,0.04,0.37,0.156,0.452,0.09
179.67542,0.634,1.0,0.022,0.032,0.048,0.008,0.014,0.019,0.101,0.014,0.167,0.157
179.81542,0.389,1.0,0.104,0.066,0.126,0.053,0.047,0.088,0.425,0.075,0.125,0.166
179.92558,0.244,1.0,0.392,0.131,0.134,0.041,0.023,0.065,0.423,0.056,0.019,0.173
180.14059,0.697,1.0,0.031,0.04,0.122,0.027,0.026,0.034,0.208,0.016,0.173,0.137
180.29057,0.815,1.0,0.852,0.86,0.34,0.202,0.285,0.276,0.527,0.288,0.774,0.919
180.37206,0.576,1.0,0.069,0.102,0.162,0.081,0.136,0.144,0.275,0.127,0.199,0.115
180.47633,0.346,1.0,0.475,0.021,0.037,0.021,0.008,0.01,0.07,0.014,0.009,0.145
180.70435,0.695,1.0,0.04,0.031,0.12,0.019,0.033,0.029,0.087,0.023,0.178,0.165
180.83111,0.069,1.0,0.213,0.021,0.07,0.019,0.069,0.022,0.127,0.017,0.011,0.115
181.19769,0.392,1.0,0.11,0.057,0.216,0.049,0.174,0.113,0.319,0.109,0.128,0.46
181.34762,0.153,1.0,0.091,0.039,0.114,0.03,0.021,0.021,0.12,0.129,0.038,0.198
181.91669,0.401,1.0,0.376,0.087,0.239,0.047,0.021,0.039,0.167,0.121,0.062,0.266
182.14844,0.11,0.32,0.062,0.04,0.369,0.035,0.039,0.038,0.166,1.0,0.151,0.175
182.78689,0.14,0.452,0.16,0.062,0.681,0.07,0.08,0.096,0.298,1.0,0.244,0.519
183.11197,0.434,0.576,0.127,0.171,0.965,0.265,0.458,0.473,0.837,1.0,0.663,0.264
183.20499,0.098,0.213,0.042,0.073,0.775,0.068,0.04,0.032,0.196,1.0,0.112,0.397
183.47311,0.163,0.468,0.074,0.097,0.923,0.153,0.071,0.081,0.35,1.0,0.102,0.407
183.80435,0.075,0.151,0.058,0.06,0.406,0.053,0.045,0.068,0.259,1.0,0.186,0.253
184.40163,0.054,0.152,0.037,0.07,0.328,0.046,0.039,0.041,0.413,1.0,0.153,0.191
184.84254,0.111,0.17,0.039,0.076,0.553,0.114,0.072,0.088,0.511,1.0,0.178,0.255
185.46313,0.208,0.4,0.062,0.101,0.387,0.085,0.402,0.402,1.0,0.955,0.592,0.336
185.61388,0.358,0.818,0.12,0.185,0.533,0.22,1.0,0.093,0.303,0.627,0.21,0.548
185.73655,0.05,0.135,0.044,0.075,0.438,0.099,0.064,0.031,0.184,1.0,0.088,0.221
186.70594,0.083,0.096,0.039,0.167,1.0,0.16,0.079,0.046,0.271,0.554,0.085,0.532
187.31751,0.034,0.027,0.02,0.134,1.0,0.17,0.036,0.013,0.157,0.081,0.078,0.316
187.65841,0.242,0.212,0.151,0.237,0.576,0.212,0.161,0.095,0.312,0.176,0.089,1.0
187.81501,0.084,0.044,0.021,0.311,1.0,0.256,0.065,0.048,0.249,0.062,0.096,0.952
188.09791,0.064,0.104,0.03,0.468,1.0,0.354,0.055,0.013,0.151,0.049,0.089,0.346
188.31401,0.058,0.138,0.033,0.451,1.0,0.123,0.052,0.027,0.104,0.064,0.048,0.47
188.58104,0.05,0.066,0.032,0.168,1.0,0.077,0.047,0.014,0.087,0.029,0.039,0.456
188.97515,0.078,0.077,0.043,0.307,1.0,0.146,0.114,0.044,0.229,0.064,0.075,0.47
189.22576,0.063,0.034,0.037,0.223,1.0,0.109,0.06,0.029,0.16,0.021,0.05,0.363
189.52145,0.068,0.052,0.026,0.334,1.0,0.227,0.036,0.022,0.198,0.018,0.035,0.339
189.75342,0.036,0.026,0.074,0.15,1.0,0.092,0.057,0.012,0.169,0.019,0.028,0.282
190.35125,0.048,0.027,0.033,0.168,1.0,0.099,0.101,0.016,0.076,0.018,0.031,0.324
190.94952,0.041,0.026,0.034,0.152,1.0,0.137,0.137,0.017,0.1,0.024,0.038,0.276
191.54159,0.19,0.058,0.094,0.231,1.0,0.171,0.241,0.042,0.096,0.089,0.122,0.994
192.11628,0.365,0.248,0.106,0.237,0.272,0.075,0.38,0.074,0.247,0.068,0.068,1.0
192.38821,0.524,0.385,0.14,0.343,0.333,0.057,0.62,0.168,0.451,0.307,0.241,1.0
192.56327,0.229,0.157,0.109,0.269,0.273,0.059,0.334,0.061,0.154,0.05,0.074,1.0
192.84766,0.668,0.392,0.251,0.915,0.262,0.073,0.504,0.152,0.584,0.192,0.28,1.0
192.98744,0.929,0.449,0.382,0.943,0.776,0.102,1.0,0.19,0.847,0.508,0.925,0.738
193.13175,0.544,0.226,0.129,0.431,0.291,0.067,0.482,0.066,0.253,0.063,0.12,1.0
193.27764,0.203,0.199,0.124,0.263,0.327,0.086,0.873,0.084,0.171,0.04,0.149,1.0
193.69519,0.343,0.095,0.052,0.157,0.241,0.046,0.494,0.047,0.052,0.023,0.062,1.0
194.05492,0.15,0.101,0.08,0.154,0.174,0.043,0.325,0.051,0.057,0.021,0.16,1.0
194.52494,0.13,0.19,0.097,0.161,0.203,0.053,0.31,0.036,0.062,0.021,0.1,1.0
195.27424,0.158,0.179,0.049,0.112,0.281,0.051,0.265,0.031,0.072,0.017,0.089,1.0
195.75537,1.0,0.627,0.156,0.433,0.174,0.042,0.321,0.194,0.576,0.468,0.789,0.66
195.85451,0.125,0.306,0.104,0.177,0.167,0.037,0.21,0.017,0.057,0.022,0.125,1.0
196.34249,1.0,0.641,0.052,0.138,0.142,0.039,0.216,0.062,0.367,0.314,0.758,0.377
196.45882,0.549,0.519,0.303,0.197,0.34,0.061,0.159,0.038,0.15,0.14,0.039,1.0
196.68454,0.089,1.0,0.202,0.05,0.087,0.025,0.059,0.012,0.086,0.035,0.019,0.158
197.16621,0.478,1.0,0.14,0.115,0.06,0.055,0.089,0.029,0.206,0.037,0.088,0.264
197.3166,0.962,0.925,0.56,0.632,0.33,0.218,0.341,0.272,0.589,0.256,0.59,1.0
197.39859,0.305,1.0,0.468,0.129,0.15,0.075,0.099,0.033,0.226,0.034,0.056,0.707
197.60707,0.63,1.0,0.072,0.087,0.084,0.108,0.114,0.042,0.214,0.043,0.149,0.776
197.73433,0.095,1.0,0.182,0.085,0.159,0.07,0.086,0.034,0.392,0.122,0.049,0.524
198.19383,0.702,1.0,0.083,0.021,0.03,0.025,0.064,0.038,0.29,0.058,0.295,0.176
198.29909,0.043,1.0,0.111,0.041,0.06,0.044,0.03,0.021,0.122,0.036,0.015,0.106
199.01778,0.428,1.0,0.033,0.041,0.12,0.007,0.017,0.014,0.092,0.013,0.016,0.145
199.19329,0.502,1.0,0.017,0.02,0.039,0.028,0.01,0.005,0.082,0.031,0.03,0.054
199.35533,0.459,1.0,0.044,0.037,0.116,0.04,0.031,0.041,0.216,0.03,0.036,0.146
199.52286,0.507,1.0,0.122,0.081,0.246,0.06,0.08,0.057,0.245,0.121,0.058,0.274
199.66857,0.195,1.0,0.415,0.049,0.067,0.039,0.022,0.025,0.141,0.026,0.013,0.184
199.95361,0.061,1.0,0.407,0.022,0.04,0.032,0.063,0.015,0.095,0.013,0.01,0.081
200.25474,0.12,1.0,0.309,0.022,0.043,0.016,0.033,0.017,0.107,0.018,0.007,0.081
200.57968,0.069,1.0,0.076,0.034,0.101,0.036,0.032,0.016,0.089,0.158,0.061,0.189
201.29955,0.877,1.0,0.092,0.08,0.357,0.193,0.424,0.424,0.74,0.756,0.832,0.302
201.39914,0.321,0.954,0.227,0.106,0.798,0.118,0.125,0.098,0.318,1.0,0.267,0.563
201.64884,0.358,0.589,0.186,0.286,1.0,0.157,0.119,0.11,0.41,0.697,0.341,0.906
201.839,0.308,0.281,0.048,0.072,0.338,0.152,0.528,0.544,1.0,0.879,0.671,0.182
201.96127,0.314,0.772,0.128,0.223,0.886,0.246,0.107,0.16,0.613,1.0,0.341,0.623
202.23469,0.174,0.282,0.062,0.127,1.0,0.102,0.058,0.064,0.263,0.71,0.24,0.655
202.43138,0.124,0.347,0.08,0.177,1.0,0.098,0.067,0.058,0.164,0.623,0.152,0.313
202.6405,0.133,0.3,0.034,0.117,1.0,0.076,0.072,0.072,0.204,0.26,0.062,0.46
202.80463,0.187,0.304,0.083,0.197,1.0,0.193,0.084,0.102,0.258,0.535,0.141,0.57
203.00023,0.266,0.315,0.043,0.069,0.48,0.05,0.323,0.314,0.906,1.0,0.704,0.204
203.14567,0.094,0.169,0.067,0.115,0.647,0.123,0.064,0.089,0.565,1.0,0.381,0.269
203.52862,0.18,0.658,0.188,0.351,1.0,0.197,0.144,0.074,0.213,0.933,0.164,0.868
203.8771,0.103,0.212,0.09,0.194,1.0,0.128,0.07,0.038,0.166,0.455,0.153,0.285
204.11556,0.142,0.352,0.056,0.103,0.781,0.137,0.435,0.356,1.0,0.67,0.443,0.272
204.25429,0.124,0.24,0.041,0.052,0.414,0.083,0.504,0.449,0.983,1.0,0.448,0.387
204.4229,0.338,0.813,0.091,0.139,0.494,0.14,0.533,0.461,0.962,1.0,0.186,0.622
204.57401,0.093,0.191,0.098,0.135,0.632,0.234,0.112,0.111,0.344,1.0,0.304,0.55
205.01959,0.538,0.44,0.058,0.091,0.435,0.226,0.564,0.541,0.91,1.0,0.854,0.22
205.11991,0.044,0.11,0.039,0.048,0.321,0.05,0.14,0.04,0.205,1.0,0.179,0.156
205.70608,0.392,0.372,0.064,0.145,0.713,0.212,0.672,0.543,1.0,0.967,0.715,0.504
205.81601,0.037,0.106,0.025,0.141,1.0,0.195,0.128,0.028,0.108,0.639,0.114,0.378
206.12948,0.58,0.774,0.737,0.833,1.0,0.787,0.482,0.321,0.914,0.773,0.897,0.854
206.20481,0.044,0.061,0.058,0.199,1.0,0.201,0.142,0.044,0.234,0.172,0.05,0.249
206.7332,0.043,0.028,0.042,0.143,1.0,0.081,0.093,0.025,0.25,0.114,0.087,0.31
207.36576,0.055,0.04,0.048,0.228,1.0,0.06,0.13,0.026,0.312,0.07,0.047,0.396
207.71991,0.054,0.027,0.048,0.126,1.0,0.12,0.057,0.017,0.13,0.075,0.053,0.794
208.07469,0.04,0.023,0.026,0.08,1.0,0.062,0.065,0.02,0.115,0.053,0.06,0.419
208.73601,0.066,0.029,0.029,0.143,0.875,0.058,0.083,0.045,0.21,0.04,0.102,1.0
209.07859,0.073,0.094,0.021,0.289,1.0,0.27,0.072,0.031,0.182,0.035,0.1,0.886
209.2644,0.103,0.212,0.196,0.247,0.82,0.305,0.074,0.048,0.19,0.053,0.088,1.0
209.44381,0.033,0.021,0.018,0.165,1.0,0.131,0.168,0.047,0.156,0.023,0.034,0.42
209.85039,0.369,0.67,0.397,0.663,1.0,0.649,0.749,0.317,0.438,0.137,0.139,0.832
209.95592,0.051,0.046,0.016,0.373,1.0,0.309,0.161,0.016,0.134,0.021,0.031,0.292
210.18626,0.031,0.023,0.022,0.159,1.0,0.183,0.057,0.014,0.113,0.029,0.045,0.271
210.49469,0.069,0.063,0.067,0.343,1.0,0.195,0.134,0.031,0.18,0.196,0.113,0.458
210.88422,0.47,0.612,0.301,0.368,1.0,0.357,0.285,0.229,0.425,0.693,0.319,0.371
211.04553,0.515,0.113,0.076,0.364,0.861,0.251,0.194,0.053,0.186,0.191,0.038,1.0
211.28939,0.549,0.274,0.167,0.202,0.723,0.07,0.458,0.072,0.323,0.255,0.055,1.0
211.54512,0.433,0.178,0.161,0.104,0.306,0.042,0.219,0.052,0.351,0.058,0.046,1.0
211.78984,0.44,0.221,0.13,0.246,0.432,0.059,0.486,0.09,0.284,0.044,0.047,1.0
212.09646,0.363,0.103,0.087,0.421,0.284,0.045,0.348,0.047,0.406,0.058,0.173,1.0
212.48653,0.464,0.213,0.151,0.942,0.384,0.116,0.705,0.096,0.375,0.041,0.103,1.0
212.68308,0.419,0.105,0.081,0.611,0.173,0.027,0.464,0.037,0.105,0.02,0.044,1.0
213.0141,1.0,0.408,0.064,0.309,0.141,0.04,0.328,0.042,0.398,0.34,0.973,0.3
213.15351,0.153,0.058,0.033,0.124,0.117,0.025,0.294,0.038,0.047,0.017,0.054,1.0
213.75039,0.397,0.129,0.058,0.226,0.215,0.082,0.351,0.034,0.045,0.011,0.05,1.0
213.98426,0.266,0.164,0.08,0.338,0.277,0.057,0.368,0.038,0.042,0.014,0.069,1.0
214.2732,0.222,0.128,0.052,0.612,0.281,0.077,0.242,0.046,0.059,0.014,0.098,1.0
214.48907,0.215,0.102,0.032,0.203,0.19,0.037,0.276,0.031,0.039,0.021,0.07,1.0
214.93519,0.176,0.113,0.027,0.196,0.195,0.03,0.23,0.04,0.081,0.045,0.09,1.0
215.22045,0.157,0.167,0.126,0.208,0.238,0.035,0.16,0.038,0.09,0.026,0.06,1.0
215.44104,0.261,0.741,0.147,0.34,0.539,0.143,0.203,0.073,0.175,0.113,0.139,1.0
215.88789,0.248,1.0,0.17,0.103,0.325,0.099,0.088,0.04,0.128,0.072,0.061,0.299
216.34063,0.095,1.0,0.086,0.043,0.108,0.054,0.034,0.015,0.082,0.019,0.014,0.137
216.88018,0.434,1.0,0.074,0.087,0.078,0.031,0.031,0.021,0.272,0.044,0.017,0.255
217.06009,0.187,1.0,0.231,0.12,0.182,0.152,0.051,0.038,0.279,0.062,0.028,0.333
217.45465,0.27,1.0,0.403,0.195,0.329,0.131,0.079,0.063,0.592,0.087,0.075,0.917
217.65714,0.324,1.0,0.435,0.199,0.413,0.148,0.052,0.059,0.275,0.057,0.041,0.752
217.89088,0.093,1.0,0.2,0.071,0.149,0.043,0.022,0.034,0.192,0.033,0.023,0.292
218.4005,0.072,1.0,0.297,0.059,0.2,0.045,0.023,0.032,0.194,0.051,0.019,0.334
218.73728,0.399,1.0,0.028,0.028,0.05,0.012,0.019,0.019,0.13,0.02,0.023,0.176
218.91166,0.456,1.0,0.425,0.039,0.095,0.04,0.023,0.02,0.083,0.025,0.018,0.426
219.1376,0.633,1.0,0.058,0.026,0.069,0.018,0.027,0.036,0.061,0.021,0.203,0.13
219.25528,0.069,1.0,0.15,0.036,0.133,0.034,0.026,0.029,0.185,0.053,0.021,0.22
219.79964,0.553,1.0,0.504,0.141,0.225,0.092,0.077,0.071,0.386,0.109,0.085,0.669
219.98594,0.544,1.0,0.036,0.031,0.09,0.018,0.033,0.046,0.175,0.064,0.124,0.173
220.14281,0.61,1.0,0.074,0.042,0.171,0.031,0.058,0.061,0.168,0.156,0.212,0.231
220.27592,0.149,1.0,0.245,0.052,0.456,0.061,0.036,0.067,0.234,0.663,0.193,0.221
220.56603,0.467,1.0,0.112,0.092,0.449,0.083,0.36,0.362,0.866,0.921,0.588,0.392
220.71156,0.278,0.855,0.09,0.158,0.556,0.142,0.355,0.338,0.91,1.0,0.33,0.833
220.89633,0.379,0.67,0.068,0.113,0.496,0.148,0.444,0.453,0.906,1.0,0.621,0.882
221.03034,0.078,0.244,0.049,0.099,0.67,0.042,0.052,0.079,0.286,1.0,0.168,0.425
221.29814,0.061,0.127,0.053,0.053,0.266,0.079,0.062,0.059,0.208,1.0,0.14,0.232
222.15025,0.057,0.181,0.062,0.081,1.0,0.155,0.092,0.056,0.381,0.711,0.249,0.388
222.35469,0.233,0.638,0.14,0.154,0.417,0.18,0.062,0.081,0.477,1.0,0.308,0.446
222.62118,0.045,0.074,0.045,0.059,1.0,0.062,0.026,0.026,0.149,0.281,0.052,0.138
222.91746,0.144,0.119,0.021,0.078,1.0,0.067,0.224,0.233,0.635,0.873,0.396,0.35
223.06299,0.125,0.385,0.067,0.069,0.78,0.254,0.055,0.075,0.461,1.0,0.154,0.424
223.75311,0.125,0.327,0.057,0.138,0.862,0.301,1.0,0.278,0.909,0.844,0.162,0.516
223.99778,0.126,0.219,0.05,0.078,0.424,0.122,0.873,0.181,1.0,0.965,0.522,0.626
224.16549,0.133,0.344,0.09,0.082,0.773,0.162,0.353,0.061,0.375,1.0,0.114,0.831
224.5078,0.129,0.302,0.057,0.065,0.621,0.178,0.21,0.044,0.423,0.713,0.132,1.0
224.83302,0.579,0.361,0.289,0.298,0.402,0.303,0.678,0.626,1.0,0.932,0.664,0.828
224.90145,0.236,0.342,0.037,0.109,0.518,0.15,0.406,0.326,1.0,0.892,0.386,0.878
225.03637,0.033,0.054,0.018,0.086,1.0,0.024,0.04,0.028,0.272,0.316,0.055,0.335
225.69229,0.047,0.044,0.045,0.369,1.0,0.363,0.028,0.025,0.575,0.144,0.122,0.366
225.92553,0.21,0.271,0.126,0.189,0.354,0.155,0.172,0.113,0.574,0.196,0.145,1.0
226.06408,0.238,0.311,0.221,0.305,0.807,0.321,0.2,0.127,0.507,0.211,0.167,1.0
226.23683,0.09,0.06,0.035,0.598,1.0,0.389,0.105,0.095,0.634,0.118,0.145,0.709
226.42993,0.195,0.162,0.114,0.184,0.381,0.124,0.064,0.066,0.696,0.101,0.081,1.0
226.58662,0.128,0.185,0.135,0.218,0.557,0.197,0.114,0.101,0.741,0.129,0.126,1.0
226.74322,0.021,0.021,0.016,0.159,1.0,0.083,0.049,0.013,0.106,0.06,0.039,0.415
227.15066,0.05,0.072,0.039,0.447,1.0,0.238,0.054,0.016,0.118,0.083,0.07,0.535
227.39365,0.025,0.032,0.022,0.333,1.0,0.202,0.08,0.144,0.135,0.089,0.053,0.432
227.68222,0.037,0.039,0.047,0.255,1.0,0.214,0.031,0.046,0.254,0.062,0.053,0.243
227.98027,0.016,0.022,0.011,0.153,1.0,0.14,0.027,0.039,0.181,0.047,0.032,0.18
228.32812,0.032,0.056,0.021,0.374,1.0,0.327,0.032,0.04,0.348,0.044,0.04,0.232
228.5415,0.024,0.02,0.025,0.089,1.0,0.068,0.295,0.027,0.172,0.041,0.033,0.333
229.1512,0.022,0.012,0.015,0.078,1.0,0.035,0.054,0.013,0.099,0.025,0.028,0.197
229.74898,0.125,0.034,0.017,0.062,0.352,0.029,0.065,0.032,0.078,0.125,0.082,1.0
230.28961,0.326,0.074,0.025,0.039,0.326,0.05,0.061,0.035,0.336,0.036,0.035,1.0
230.66113,0.448,0.057,0.024,0.078,0.197,0.07,0.224,0.032,0.153,0.055,0.049,1.0
230.91156,0.542,0.103,0.044,0.205,0.28,0.199,0.42,0.127,0.613,0.092,0.118,1.0
231.11424,0.192,0.034,0.032,0.091,0.312,0.045,0.205,0.072,0.294,0.038,0.158,1.0
231.56744,0.562,0.083,0.043,0.172,0.302,0.099,0.279,0.062,0.344,0.035,0.056,1.0
231.76989,1.0,0.326,0.049,0.243,0.399,0.084,0.491,0.138,0.546,0.385,0.923,0.6
231.90272,0.267,0.05,0.048,0.12,0.204,0.069,0.264,0.195,0.122,0.044,0.256,1.0
232.27515,0.076,0.044,0.03,0.15,0.422,0.071,0.547,0.082,0.078,0.037,0.079,1.0
233.51764,0.826,0.305,0.055,0.272,0.69,0.142,1.0,0.254,0.413,0.306,0.795,0.849
233.63995,0.14,0.055,0.026,0.138,0.582,0.101,0.837,0.07,0.062,0.028,0.119,1.0
234.32494,0.19,0.047,0.031,0.133,0.17,0.06,0.352,0.051,0.135,0.05,0.108,1.0
234.52644,0.717,0.219,0.177,0.601,0.394,0.136,1.0,0.159,0.361,0.175,0.765,0.783
234.68934,0.096,0.225,0.064,0.122,0.347,0.194,0.322,0.06,0.239,0.029,0.098,1.0
234.98667,0.05,1.0,0.055,0.047,0.194,0.05,0.072,0.022,0.08,0.013,0.019,0.11
235.70041,0.045,1.0,0.038,0.044,0.13,0.057,0.074,0.028,0.14,0.016,0.018,0.104
236.90168,0.772,1.0,0.103,0.096,0.171,0.069,0.062,0.072,0.396,0.118,0.387,0.18
237.00018,0.723,1.0,0.091,0.078,0.18,0.107,0.044,0.057,0.295,0.116,0.382,0.181
237.09887,0.341,1.0,0.342,0.101,0.282,0.124,0.06,0.059,0.245,0.029,0.023,0.206
237.34957,0.138,1.0,0.174,0.032,0.311,0.162,0.034,0.061,0.416,0.034,0.03,0.266
237.71469,0.541,1.0,0.141,0.117,0.238,0.293,0.056,0.109,0.524,0.064,0.101,0.331
237.85932,0.117,1.0,0.157,0.046,0.341,0.245,0.052,0.089,0.537,0.046,0.034,0.22
238.22522,0.309,1.0,0.305,0.058,0.414,0.237,0.033,0.078,0.542,0.066,0.031,0.371
238.47365,0.436,1.0,0.436,0.071,0.281,0.166,0.039,0.064,0.368,0.055,0.028,0.285
238.6658,0.29,1.0,0.27,0.033,0.323,0.17,0.025,0.033,0.23,0.027,0.011,0.153
238.9332,0.645,1.0,0.078,0.076,0.432,0.386,0.051,0.041,0.341,0.045,0.152,0.142
239.06717,0.664,1.0,0.1,0.074,0.361,0.245,0.027,0.047,0.462,0.053,0.195,0.42
239.20118,0.335,1.0,0.348,0.063,0.421,0.26,0.029,0.051,0.339,0.051,0.028,0.363
239.40957,0.035,0.256,0.044,0.03,0.262,0.103,0.044,0.044,0.168,1.0,0.082,0.053
240.05565,0.035,0.189,0.027,0.084,0.337,0.092,0.019,0.023,0.169,1.0,0.219,0.182
240.31556,0.283,0.416,0.054,0.121,0.793,0.216,0.269,0.312,0.739,1.0,0.486,0.57
240.46005,0.299,0.291,0.096,0.213,0.938,0.351,0.297,0.305,1.0,0.948,0.49,0.667
240.57011,0.03,0.078,0.013,0.044,0.473,0.056,0.016,0.017,0.108,1.0,0.114,0.099
240.89528,0.082,0.252,0.041,0.083,1.0,0.155,0.13,0.143,0.431,0.709,0.371,0.37
241.0356,0.027,0.115,0.017,0.032,0.351,0.041,0.013,0.016,0.151,1.0,0.155,0.169
241.34231,0.086,0.298,0.053,0.098,0.568,0.136,0.039,0.055,0.313,1.0,0.263,0.212
241.59184,0.064,0.259,0.047,0.084,1.0,0.112,0.061,0.176,0.614,0.838,0.364,0.382
241.76023,0.063,0.191,0.042,0.077,0.641,0.075,0.026,0.042,0.223,1.0,0.111,0.346
242.19968,0.152,0.383,0.066,0.199,0.899,0.107,0.103,0.119,0.562,1.0,0.468,0.717
242.3171,0.064,0.257,0.04,0.118,0.902,0.139,0.031,0.051,0.381,1.0,0.299,0.484
242.53261,0.095,0.298,0.039,0.056,0.415,0.122,0.12,0.134,0.679,1.0,0.369,0.677
242.71311,0.038,0.15,0.032,0.16,0.783,0.122,0.023,0.03,0.196,1.0,0.165,0.247
242.99615,0.042,0.109,0.021,0.147,0.475,0.212,0.043,0.04,0.223,1.0,0.216,0.324
243.21197,0.056,0.177,0.034,0.18,0.769,0.163,0.036,0.067,0.208,1.0,0.225,0.292
243.47261,0.082,0.226,0.043,0.13,0.535,0.116,0.02,0.066,0.414,1.0,0.194,0.439
243.70431,0.07,0.164,0.021,0.111,0.788,0.129,0.038,0.079,0.491,1.0,0.187,0.276
243.97778,0.032,0.11,0.019,0.087,0.548,0.09,0.019,0.059,0.271,1.0,0.193,0.294
244.2781,0.113,0.232,0.04,0.122,0.784,0.089,0.027,0.079,0.251,1.0,0.113,0.255
244.61048,0.061,0.157,0.021,0.127,1.0,0.158,0.027,0.04,0.267,0.636,0.159,0.099
244.7966,0.031,0.079,0.021,0.093,0.887,0.118,0.019,0.038,0.279,1.0,0.2,0.215
245.2556,0.168,0.209,0.035,0.103,1.0,0.144,0.018,0.034,0.247,0.557,0.165,0.701
245.56236,0.111,0.118,0.029,0.102,0.673,0.179,0.053,0.12,0.428,1.0,0.291,0.686
245.81365,0.206,0.115,0.039,0.136,1.0,0.311,0.118,0.067,0.214,0.931,0.227,0.672
246.07873,0.255,0.118,0.092,0.21,0.813,0.171,0.236,0.279,0.749,1.0,0.5,0.434
246.21814,0.056,0.064,0.028,0.085,1.0,0.073,0.042,0.097,0.162,0.989,0.135,0.169
246.8171,0.203,0.123,0.056,0.106,0.453,0.116,0.452,0.402,0.938,1.0,0.685,0.371
246.94399,0.094,0.106,0.064,0.303,1.0,0.394,0.112,0.183,0.114,0.34,0.116,0.672
247.19465,0.086,0.093,0.081,0.439,1.0,0.678,0.307,0.228,0.183,0.566,0.156,0.834
247.3922,0.06,0.071,0.034,0.159,1.0,0.152,0.183,0.223,0.246,0.785,0.239,0.247
247.79401,0.051,0.064,0.039,0.364,1.0,0.359,0.196,0.154,0.092,0.263,0.06,0.103
248.04676,0.182,0.187,0.079,0.347,1.0,0.348,0.108,0.053,0.031,0.106,0.023,0.16
248.30327,0.079,0.231,0.048,0.08,1.0,0.075,0.075,0.032,0.135,0.752,0.054,0.02
249.0722,0.027,0.49,0.232,0.083,1.0,0.16,0.069,0.031,0.116,0.741,0.21,0.055
249.54254,0.026,0.09,0.031,0.06,1.0,0.032,0.037,0.016,0.047,0.776,0.042,0.025
