start,0,1,2,3,4,5,6,7,8,9,10,11
0.0,2.778,108.461,4.6,-62.531,93.035,-34.237,-0.154,-30.509,-17.09,31.375,-17.752,-32.477
0.12181,11.103,-45.189,8.621,-11.205,166.553,-33.141,-21.204,28.932,-5.156,22.743,-20.541,-21.478
0.57474,12.026,-58.555,-1.813,9.471,158.759,-47.611,-23.607,50.398,-3.676,8.002,-22.807,-23.158
0.93483,7.276,18.158,-13.926,-34.087,131.69,-57.795,-17.363,6.477,13.297,13.01,-7.216,-32.916
1.03374,6.896,27.576,-27.61,-1.973,119.074,-70.547,-27.673,44.113,13.904,-4.751,-3.61,-34.329
1.52599,4.882,66.313,-47.106,-24.528,79.545,-60.63,-13.592,32.7,4.771,4.462,-10.567,-34.964
1.77587,5.308,49.417,-56.671,-62.436,83.376,-32.088,-48.474,-2.536,-27.192,16.574,-7.443,-8.871
2.09129,3.911,83.43,-60.464,-31.93,59.734,-50.122,-33.044,34.66,-20.53,-3.843,-1.134,-13.106
2.84322,5.357,50.161,-61.778,-60.291,78.854,-23.824,-36.533,7.129,-25.465,28.522,-13.653,-11.255
3.31329,3.767,88.159,-46.665,-32.627,66.17,-55.254,-16.148,24.784,-8.192,2.582,-11.303,-30.025
3.83506,2.833,107.606,-51.769,-48.593,43.703,-48.883,-11.111,10.225,-29.376,0.311,-6.113,-7.202
4.09057,4.705,68.736,-16.452,-76.449,93.648,-36.665,0.374,-34.515,-11.446,28.435,-17.876,-27.803
4.24934,13.228,-76.176,32.235,-61.517,168.995,-26.671,-0.736,-20.936,-13.841,28.498,-24.97,-20.157
4.59751,13.184,-78.761,14.701,-46.07,160.95,-52.902,1.455,-12.054,-5.557,11.7,4.519,-25.729
4.78376,25.93,-147.673,-99.293,-6.639,51.829,1.093,-7.037,-31.494,-9.559,22.136,11.658,7.528
5.06308,22.633,-174.297,-122.741,-28.985,55.303,-52.77,-20.82,-21.254,0.751,-3.842,-1.051,16.427
5.29819,23.661,-87.504,-180.199,14.494,68.475,-42.51,-7.43,-59.375,-1.702,5.91,5.282,14.302
5.55193,21.401,-105.527,-147.116,-26.048,32.622,-60.964,-8.335,-40.452,15.669,32.365,-13.594,5.171
5.71465,19.5,-178.183,-103.018,-51.883,65.584,-67.266,22.596,33.299,-3.765,0.283,-2.763,-20.579
5.8093,27.101,-167.623,-111.539,-4.883,32.52,-29.839,-14.839,-37.21,-17.741,40.794,10.63,14.82
6.05297,24.194,-190.308,-126.826,-27.685,62.625,-71.926,-24.416,-20.113,-3.281,10.299,-12.621,21.801
6.27896,24.023,-93.745,-149.383,18.811,61.432,-16.951,-10.769,-51.214,5.974,-14.429,17.795,4.299
6.54794,19.078,-83.955,-101.44,-10.398,18.969,-59.947,7.342,-15.642,14.211,7.629,-13.671,6.394
6.7815,26.281,-164.649,-126.323,-24.46,44.918,3.319,-12.555,-40.231,1.492,40.712,15.979,5.647
7.0527,25.007,-200.175,-107.878,-33.657,39.771,-63.446,-32.835,-18.656,2.865,6.889,-10.314,10.304
7.28295,25.3,-53.166,-195.959,24.083,77.49,-48.49,-4.255,-81.917,12.611,-11.691,16.92,5.92
7.55615,21.167,-108.381,-157.867,-10.592,11.798,-70.648,-27.703,-22.855,14.637,20.81,-20.582,3.667
7.78998,25.918,-172.429,-119.315,-38.189,43.55,9.853,-3.03,-33.163,-6.887,35.395,24.521,8.678
8.05855,25.043,-186.364,-115.224,-11.396,55.298,-75.779,-25.9,-21.074,-1.575,7.939,-16.125,15.848
8.27628,27.403,-32.403,-173.241,47.222,55.189,5.987,10.568,-74.394,8.83,-17.074,38.041,17.119
8.55202,20.716,-134.869,-107.539,-15.093,32.188,-59.791,-28.706,-4.534,-0.088,0.656,-14.499,3.665
8.78363,27.411,-125.455,-141.154,22.391,54.767,-58.857,-19.59,-55.571,-18.763,19.058,1.491,14.549
9.03433,22.849,-195.967,-117.524,-45.559,56.744,-58.703,-23.995,-13.008,0.189,1.193,-3.553,11.86
9.26104,22.33,-33.069,-158.005,27.794,40.847,-37.742,-17.824,-66.762,41.931,-1.525,-1.18,24.683
9.45814,17.252,-131.926,-123.661,-83.924,48.52,-40.857,0.666,10.161,5.879,4.159,-22.95,12.308
9.74444,27.077,-168.755,-115.374,-52.43,43.049,46.284,1.382,-41.95,-4.784,33.783,24.354,0.928
9.96036,26.185,-192.369,-124.934,-28.405,57.899,-48.515,-20.514,-26.179,3.24,-12.302,-19.201,15.951
10.2293,27.587,-80.217,-191.466,49.557,76.341,-17.624,-19.266,-74.201,16.723,-3.77,22.123,12.7
10.5083,19.599,-115.537,-86.598,-40.994,36.301,-62.022,-13.195,-31.056,8.012,8.799,0.973,-6.92
10.69333,27.714,-216.993,-31.336,-66.165,65.881,-3.72,11.239,7.32,-15.681,-16.853,-19.662,-2.142
11.00041,27.042,-171.105,-107.417,2.44,41.791,-64.234,-21.088,-38.615,-17.499,8.145,-13.249,22.987
11.23968,27.154,-103.005,-155.085,31.043,57.424,-38.598,-37.462,-73.661,17.988,23.072,3.489,26.485
11.50517,19.109,-103.154,-139.632,-22.902,15.529,-73.163,-30.872,-10.331,14.485,6.839,-23.852,-0.233
11.69882,24.472,-151.645,-83.769,-141.418,56.756,54.35,9.397,-46.782,-3.012,-8.648,-40.204,8.442
11.95447,25.819,-223.089,-105.67,-40.523,45.189,-36.807,-19.188,-12.179,0.066,-12.195,-5.168,6.505
12.22408,29.803,-31.209,-121.774,23.553,31.522,22.394,-29.113,-85.913,35.943,-17.647,26.172,12.704
12.38925,35.908,-8.756,32.505,-8.53,7.161,-33.078,5.651,43.505,8.213,1.818,-11.607,9.892
12.72231,29.886,-119.63,-62.403,-10.854,10.64,-44.753,-40.754,-34.461,-3.887,8.744,-10.394,6.661
12.95746,25.564,-163.761,-95.822,-9.299,30.222,-59.885,-39.284,-35.168,3.675,9.583,-8.01,-4.294
13.19447,28.851,-58.077,-135.595,37.707,56.36,5.71,-31.797,-88.514,31.643,-5.487,27.877,13.894
13.46295,23.797,-149.746,-115.651,-13.188,28.593,-60.758,-31.748,-19.206,15.867,11.101,-12.447,5.943
13.69252,26.243,-156.28,-104.568,-0.476,58.96,-59.548,-40.466,-43.61,-4.892,34.375,-10.033,10.822
13.93088,22.764,-156.712,-106.167,-5.061,38.171,-69.796,-43.395,-17.79,7.86,5.904,-18.154,4.068
14.16354,23.807,-73.138,-175.855,13.723,72.284,-25.36,-13.112,-81.321,6.567,2.246,4.752,5.623
14.40254,19.575,-133.796,-136.985,-57.076,26.958,-31.347,-13.803,-8.531,0.152,19.616,-32.204,7.181
14.61533,25.764,-108.777,-122.966,-10.453,42.435,-42.182,-13.466,-62.3,-9.411,13.933,-31.942,20.498
14.87855,22.704,-171.118,-112.203,-27.74,52.733,-15.846,-24.94,-12.534,9.053,-12.073,-0.858,-0.235
15.12939,27.134,-56.533,-158.998,4.563,64.062,43.959,0.373,-69.314,27.006,-52.916,4.375,10.962
15.40653,21.623,-150.862,-139.213,-27.259,29.284,-51.331,-20.462,-16.464,13.088,8.662,-12.342,7.479
15.63796,27.706,-146.189,-107.554,7.694,29.984,-18.855,5.911,-43.809,-25.184,26.319,11.11,21.397
15.90526,24.184,-200.362,-110.601,-27.806,46.847,-72.87,-17.842,-14.318,-11.423,-3.791,-7.84,1.341
16.14322,29.235,-60.221,-169.834,28.412,75.305,10.215,-15.062,-86.588,29.138,-18.673,10.766,18.038
16.39946,36.771,102.915,-74.422,36.021,-54.257,-4.268,-54.334,-44.364,-20.297,10.173,-53.917,-7.272
16.62658,29.668,-111.887,-86.754,7.109,4.261,-72.195,-26.053,-50.88,-12.044,38.908,-23.175,10.823
16.89379,26.219,-211.728,-94.753,-55.46,42.188,-47.591,-12.531,-27.137,-1.094,4.264,2.416,-0.642
17.13238,27.883,-93.995,-141.148,52.515,65.465,-46.655,-10.313,-72.297,26.58,-11.009,13.171,10.075
17.39583,21.409,-148.816,-90.155,-8.052,40.441,-43.62,-2.935,4.95,4.658,-11.731,0.646,9.954
17.63637,28.644,-185.526,-105.795,-11.33,39.095,-21.351,-8.057,-33.257,-23.79,39.005,20.629,9.177
17.87769,26.674,-206.625,-113.087,-31.432,48.64,-72.619,-25.148,-26.085,-3.851,13.713,-6.995,16.633
18.11732,25.567,-87.032,-174.951,40.829,50.555,-50.323,-33.297,-60.322,21.221,6.64,-3.825,20.217
18.38045,26.06,-45.913,-68.622,-69.645,-28.448,0.665,-5.164,16.206,-3.11,-7.399,18.193,-1.35
18.62617,28.5,-185.359,-100.379,-57.189,36.06,-74.605,-33.978,-13.1,-1.367,6.484,-6.905,3.2
18.75088,28.709,-135.811,-125.681,-19.828,48.739,-49.045,-37.455,-34.913,-1.205,5.129,-23.035,3.831
19.10508,25.938,-78.123,-161.912,24.46,63.891,-58.462,-42.43,-73.115,14.353,34.682,-11.538,29.854
19.37664,19.142,-110.938,-137.61,-22.907,10.828,-56.077,-21.561,-6.656,10.629,14.808,-17.73,3.568
19.59991,26.567,-183.41,-119.886,-23.877,42.772,-5.714,-6.839,-28.97,-19.191,44.661,17.73,6.319
19.86018,25.778,-220.208,-107.486,-39.132,44.578,-65.591,-25.263,-17.699,-2.648,7.705,-6.798,10.756
20.10331,28.344,-81.133,-126.897,15.9,37.97,-61.723,-37.489,-89.408,17.198,32.303,-12.965,16.992
20.25655,25.653,-225.845,-31.661,-18.224,78.593,-49.546,9.001,27.437,-4.1,3.946,-1.629,-24.23
20.35868,35.912,9.834,-62.938,139.537,29.369,17.083,0.969,-82.824,-4.367,-11.338,-37.985,18.345
21.07197,29.368,-65.133,-164.266,10.443,84.638,29.569,-2.544,-84.885,12.842,-47.313,16.159,7.491
21.33442,23.162,-171.801,-119.026,-33.241,32.684,-34.248,-15.041,-6.009,-2.49,-8.99,-8.303,3.445
21.58717,27.135,-156.724,-113.163,-12.348,41.948,-12.809,-23.415,-42.6,-5.393,20.328,12.442,-1.199
21.83188,25.295,-193.913,-71.796,-30.177,32.621,-64.812,-13.972,-13.818,-17.293,-0.453,-3.971,5.579
22.05283,29.293,-77.076,-127.789,13.537,61.33,26.885,-2.83,-76.393,20.263,-52.839,13.823,17.57
22.30281,27.121,-75.961,-99.348,39.809,-31.548,-69.775,-47.34,-49.816,-5.482,25.862,-32.373,-3.835
22.5356,27.09,-132.848,-127.695,-25.407,31.633,-32.228,-11.36,-69.588,-23.196,38.739,-43.023,5.857
22.78009,23.862,-224.788,-121.153,-67.87,51.93,-46.042,-10.44,2.085,3.533,-20.979,-13.045,7.996
23.01528,25.73,-159.745,-129.004,-69.455,64.208,23.806,-11.395,-5.643,33.39,-62.881,-39.503,16.551
23.3361,21.855,-178.383,-132.263,-41.748,34.174,-64.345,-7.905,-6.421,2.258,8.257,-15.417,8.83
23.56254,28.242,-195.802,-131.424,-14.997,44.854,-3.17,-16.67,-27.134,5.755,38.489,11.639,10.836
24.03234,28.615,-97.83,-166.454,1.719,60.419,18.356,-7.935,-48.829,40.74,-58.318,21.123,5.197
24.51243,26.432,-136.293,-129.008,-30.428,33.794,-35.418,-7.754,-46.177,0.663,21.717,-22.862,18.068
24.77755,24.988,-179.221,-123.218,-20.925,46.377,-48.192,-31.374,-25.563,9.943,5.966,-0.605,12.15
25.02435,26.776,-41.461,-159.982,35.607,41.907,-10.748,-1.281,-88.905,13.68,-5.772,18.648,15.483
25.2985,21.435,-149.099,-115.476,-18.526,32.326,-66.806,-36.445,-5.63,3.283,2.318,-14.748,4.378
25.51868,29.409,-186.68,-110.295,6.025,36.23,-39.645,-13.578,-15.387,-26.482,31.253,4.984,16.194
26.00531,27.285,-77.227,-170.044,30.719,67.798,4.507,-10.737,-80.572,14.504,-31.029,17.14,8.509
26.25882,24.394,-122.641,-68.607,-99.005,19.56,4.915,3.854,-3.225,16.43,-19.504,-8.356,6.419
26.39596,27.662,-49.529,-45.665,-77.539,-5.982,-23.602,18.173,22.837,-7.241,-36.232,13.13,11.623
26.50862,30.377,-116.391,-89.477,24.419,9.0,-81.059,-22.625,-43.993,-16.06,15.109,-22.735,15.934
26.98023,24.531,19.721,-143.155,37.875,20.191,-58.481,-34.02,-88.668,19.103,31.176,-5.249,30.582
27.25433,22.836,-107.079,-126.757,-11.509,5.21,-61.057,-35.422,-28.034,9.099,22.314,-16.352,7.36
27.4502,20.657,-138.878,-148.442,-12.746,59.048,-6.184,-23.696,10.211,12.555,-23.921,-17.974,6.485
28.26222,16.212,-129.795,-118.218,-125.584,65.68,-33.594,-11.21,-12.41,0.935,17.228,1.044,5.853
28.42884,27.461,-156.9,-125.129,-19.27,45.502,39.85,-8.193,-38.134,1.552,25.727,15.443,9.558
28.88472,27.084,-144.627,-100.419,-69.001,45.669,12.224,-7.685,-5.889,15.154,-44.29,-17.696,18.315
29.1971,23.885,-177.065,-134.076,-25.866,37.849,-59.9,-16.524,-14.983,2.593,4.655,-6.322,15.246
29.36045,37.018,-52.558,-31.168,-33.028,9.631,47.187,29.026,4.463,3.72,-3.422,2.803,-7.852
29.93433,33.354,-66.172,-75.759,18.733,-21.109,-39.543,-33.425,-14.248,-27.63,-21.049,-27.198,-8.228
30.37234,30.833,-131.105,-83.676,-104.1,5.569,-24.578,-21.214,-1.827,1.025,-12.138,-21.204,-6.636
30.90027,31.429,-43.05,-139.527,17.848,22.193,-71.295,-20.128,-39.95,-20.156,30.208,-14.969,4.367
31.16018,28.512,-27.175,-105.497,-75.79,27.417,-48.912,-5.55,15.706,-30.998,-7.341,4.626,-8.555
31.24526,30.37,0.144,-77.365,-58.997,14.116,-30.273,17.116,-8.677,-48.893,-19.31,-8.083,-1.503
31.38844,31.291,-116.34,-131.558,-30.157,45.352,-48.794,5.882,-0.944,-16.03,-2.796,-4.313,8.67
31.85374,29.29,-123.645,-116.735,-62.149,39.523,6.673,-4.046,-21.806,5.721,-5.183,-24.218,7.238
32.28485,30.614,-69.811,-135.838,59.368,10.828,-3.602,-33.645,-78.212,14.099,-2.724,-14.543,8.963
32.82526,26.292,-0.162,-142.97,69.85,25.053,-6.381,-2.638,-68.974,17.435,-4.091,33.012,12.381
33.11755,19.284,-125.323,-131.88,-39.778,22.365,-65.623,-0.083,-5.027,4.215,13.024,-10.41,8.417
33.28889,23.461,-77.797,-97.682,-64.16,41.123,40.312,16.348,-24.911,28.452,-45.281,-39.031,17.013
33.61125,26.246,-131.608,-64.743,-97.61,-6.878,-25.09,13.071,-1.928,-19.462,-4.101,15.4,-15.101
33.76753,30.979,-90.787,-68.973,-41.088,21.643,-7.349,6.612,15.995,-11.823,-34.291,-45.586,13.868
34.27211,31.512,-74.124,-59.623,-126.805,52.399,20.548,46.892,-2.649,27.167,-23.706,-26.997,27.04
34.42925,34.19,-65.122,-22.405,-16.101,31.4,-43.673,19.833,25.977,20.121,-5.587,-4.892,23.277
34.79215,30.314,-34.668,-105.947,19.278,28.979,-12.841,19.863,-30.876,23.915,-36.314,-30.037,32.634
35.31565,29.095,-10.023,-124.559,6.47,18.105,-68.4,-5.246,-55.792,6.165,50.023,-26.742,27.816
35.80499,28.814,-32.336,-140.346,19.347,31.868,-67.939,-4.876,-71.144,-3.64,61.866,-18.831,21.529
35.99265,23.973,-136.412,-107.341,-60.021,49.426,-44.447,16.399,-6.196,-2.181,-1.969,-14.993,13.039
36.23655,27.427,-123.777,-107.266,-27.626,35.591,-32.222,-0.021,-64.801,-5.067,24.027,-3.288,19.226
36.71542,27.684,-121.372,-89.747,-68.34,24.037,0.445,-27.21,-5.335,5.553,-47.793,-42.444,-1.843
36.99029,27.636,-114.425,-96.368,-39.07,-3.539,-15.165,-21.394,-8.987,-8.121,-14.364,5.842,-12.353
37.22045,36.651,-40.577,-15.883,-79.706,-7.464,12.586,9.482,-0.298,-24.368,8.086,-37.479,-13.23
37.72907,34.661,-62.279,-68.826,-4.514,-17.229,-9.709,-25.636,-5.134,-27.012,-9.692,-42.081,-6.227
38.20367,31.023,-95.754,-79.872,-128.035,21.946,-14.9,-39.277,15.657,24.725,-17.942,-7.184,-4.768
38.7307,32.502,-50.744,-118.151,38.437,5.325,-49.641,-24.135,-53.354,-26.304,16.726,-50.87,27.344
39.08653,31.208,-43.73,-19.931,-106.568,-22.568,35.693,33.41,12.822,-16.643,-29.868,30.161,-28.785
39.21991,35.486,-60.873,-65.854,-23.004,-25.536,-14.531,-29.497,13.592,-23.367,-1.269,-24.199,-25.08
40.12472,31.071,-29.062,-139.316,31.809,20.397,-62.232,-51.973,-69.855,8.561,36.338,-50.263,27.302
40.541,25.586,-87.927,-103.994,-116.041,35.316,-14.891,-18.694,14.328,15.404,-23.642,-10.366,4.96
40.65878,28.507,-41.49,-130.121,30.323,8.546,-13.092,-19.525,-68.39,6.706,-3.235,-26.204,13.259
40.91769,22.172,-103.633,-110.531,-35.052,25.315,-43.035,4.518,-13.681,11.117,5.637,-25.674,8.38
41.11741,23.876,-133.968,-66.242,-125.891,21.851,-3.502,1.927,-16.376,-14.432,-0.986,-31.147,6.056
41.55347,28.117,-138.612,-24.887,-102.557,-19.001,4.353,-2.843,23.491,-26.771,-15.184,8.884,-9.069
41.65188,33.576,-45.526,-93.777,17.375,23.653,2.991,-0.179,-24.076,11.972,-24.725,-17.603,28.86
41.94798,27.324,-98.011,-90.786,-69.363,11.089,-31.952,-10.702,-25.009,4.723,-22.839,-1.461,2.05
42.10798,32.235,-54.675,-26.908,-78.672,-6.972,21.592,1.674,22.283,-19.982,-27.656,-18.117,-1.524
42.81229,30.931,85.411,-37.308,-104.017,-8.649,4.066,-40.217,27.74,24.482,-26.256,25.155,-13.359
42.95057,33.854,182.595,-54.387,-36.244,-11.289,-19.42,-60.815,-9.258,18.503,-7.836,-13.115,-17.035
43.16168,36.032,-33.499,-129.201,63.918,-0.454,-25.953,-19.514,-72.454,-6.495,38.813,-14.916,15.626
43.67338,27.942,-29.446,-149.757,70.397,29.504,-73.368,-2.887,-68.952,23.238,35.442,-23.202,27.953
43.88544,21.623,-175.253,-129.116,-74.461,44.445,-21.343,1.524,-0.423,8.964,-0.981,-27.512,13.149
44.11379,29.213,-112.248,-79.721,-42.39,2.479,-45.551,-22.814,-44.933,-7.877,37.129,2.264,1.778
44.45324,31.419,-88.097,-73.869,-68.542,4.857,-32.931,-40.468,8.865,-5.126,-10.021,6.389,-8.143
44.54286,33.614,-35.839,-52.863,-69.755,-5.954,-27.749,-39.008,8.587,-29.465,-12.001,4.367,-14.686
44.68023,32.303,-58.368,-90.459,46.579,-14.054,-60.766,-11.218,-58.64,-55.989,25.349,-42.1,13.646
44.86685,25.888,-138.78,-111.059,-38.928,16.112,-57.285,-14.784,-9.173,-13.671,-5.498,-16.715,4.031
45.07805,30.522,-106.626,-41.402,-136.268,-2.933,34.463,12.381,15.159,-14.811,-24.197,-46.317,-9.741
45.56562,32.259,-26.16,-114.438,10.173,4.518,64.35,-10.138,-67.906,10.605,-33.295,6.192,-7.835
46.06095,31.225,-78.094,-79.498,-122.985,19.08,11.354,-28.199,4.223,23.196,-14.819,-1.55,0.124
46.58345,31.291,-52.559,-123.278,36.849,3.091,-17.482,-23.997,-50.507,-20.757,1.092,-18.156,6.945
46.93433,34.498,95.375,-87.902,-33.641,-24.464,-19.594,-29.432,-29.194,-39.698,-23.112,3.155,-33.327
47.07578,34.852,-66.089,-92.84,-48.034,-15.276,-42.312,-39.866,36.432,-23.812,-8.293,-10.912,-31.433
47.57356,30.627,-113.863,-112.263,-5.331,6.762,-49.835,-29.704,-28.584,-2.742,14.624,-31.984,18.137
47.9942,32.179,-12.19,-135.133,48.912,23.066,-35.761,-33.247,-107.269,2.386,24.372,-35.518,28.614
48.32844,23.422,-158.248,-136.244,-46.138,42.255,-56.385,-15.744,-22.486,17.664,5.781,-2.382,18.226
48.52585,26.679,-83.103,-118.732,-41.524,36.331,44.919,6.513,-53.603,28.442,-55.452,-34.384,10.543
48.81365,24.332,-160.484,-80.208,-78.804,27.561,-35.77,0.429,11.83,11.985,-14.544,6.407,9.971
49.06862,29.269,-60.125,-141.792,43.445,35.961,-64.226,-7.956,-73.469,-11.046,53.933,-24.997,31.284
49.32263,23.127,-140.221,-106.81,-63.393,10.605,-62.154,8.889,-5.625,16.954,13.151,-1.918,14.739
49.39125,26.732,-120.872,-73.791,-92.877,-14.057,-19.398,2.169,4.122,-2.163,-9.928,1.326,-7.832
49.53782,31.699,-79.31,-109.351,-17.341,39.823,-9.181,2.549,-47.064,-6.494,-31.729,-8.707,15.733
49.72177,34.046,55.117,-68.091,-115.338,19.474,47.646,-37.465,43.811,45.486,-77.21,-13.691,8.008
50.0454,33.752,1.189,-96.983,-10.625,10.471,-45.209,-46.094,-12.671,-15.749,27.361,-5.017,-5.411
50.53896,29.468,-49.725,-164.35,59.845,28.803,-9.702,-40.261,-69.268,5.278,27.794,-8.834,5.331
51.03741,27.692,-73.752,-171.919,33.288,41.391,31.366,-3.297,-69.913,3.627,8.059,29.872,1.838
51.5224,26.845,-84.283,-153.973,-11.879,43.078,39.007,12.377,-54.52,33.165,-53.797,4.331,2.979
51.81243,24.727,-165.837,-158.211,-26.169,41.332,-81.878,-14.411,-35.088,3.049,24.921,-14.378,13.878
52.00213,27.918,-113.758,-105.557,-37.469,28.382,-18.869,-4.827,-39.968,12.049,4.718,11.936,11.344
52.52227,30.078,-77.38,-127.473,37.121,11.195,-17.72,-16.648,-85.817,-6.342,8.848,8.447,9.156
52.69306,26.482,-152.976,-85.28,-52.288,7.069,-39.362,-14.481,13.761,-11.182,-13.804,-6.852,4.73
52.9546,30.331,-105.638,-58.85,-125.831,-0.555,3.17,-9.065,17.465,-25.985,-16.623,-37.178,-7.589
53.4468,32.937,-54.607,-72.119,-116.298,8.919,-30.708,-20.412,2.71,-22.435,-16.151,4.624,-17.881
53.71297,37.033,94.934,-109.756,-33.682,24.983,20.522,-60.38,-49.722,35.085,-38.486,-28.665,14.642
53.97383,38.026,-68.886,-33.834,-82.541,28.919,25.907,-1.174,9.825,-5.617,-7.077,-0.716,1.143
54.48766,32.658,-39.995,-111.634,28.098,-7.073,-47.113,-33.405,-37.516,-24.424,5.421,-65.365,7.557
54.73243,22.726,-152.487,-135.57,-46.732,20.729,-60.157,-12.75,-5.672,8.776,11.21,2.162,13.556
54.85438,31.213,-0.065,-54.273,-45.389,-49.962,-18.917,-22.648,4.573,-10.855,-3.989,4.474,-13.835
54.96753,36.551,-50.018,-68.417,-33.719,-17.218,-0.337,-29.327,38.713,-26.205,14.923,-5.962,-23.618
55.90395,31.254,-18.738,-131.517,42.259,9.784,-50.411,-56.398,-86.84,-0.299,29.718,-53.463,9.294
56.43524,32.255,-14.194,-129.224,4.363,8.117,-24.595,-39.133,-77.053,11.386,24.419,0.265,6.243
56.55805,28.313,-68.462,-120.726,-23.814,14.686,-16.323,-50.102,-38.73,49.095,-12.538,-27.974,20.455
56.80753,24.612,-107.782,-93.321,-46.153,23.594,-75.814,-43.369,1.925,1.129,2.863,3.36,12.737
56.88921,28.159,-104.234,-93.155,-68.533,13.854,-2.785,-17.647,-54.475,-12.731,30.998,-46.969,13.539
57.18549,26.778,-150.03,-89.993,-47.704,-16.103,-48.804,-3.872,-1.121,-15.111,-11.593,14.573,-1.597
57.27039,28.05,-79.473,-80.244,-58.985,-23.565,-36.485,-27.144,4.278,-0.263,-13.925,-9.102,-9.329
57.41093,33.954,-44.843,-83.074,25.338,32.797,38.097,10.413,-40.086,-13.76,3.537,-25.651,5.276
57.76317,29.562,-74.788,-54.224,-97.712,15.248,-20.376,12.276,17.416,27.891,15.198,12.028,10.241
57.88603,35.163,-25.443,-62.767,0.923,39.664,-20.114,30.979,-36.341,19.62,7.63,-8.08,24.615
58.37537,29.302,-80.429,-108.074,3.286,43.563,7.454,13.193,-44.668,18.051,-45.744,-26.283,23.099
58.61483,24.346,-138.649,-107.873,-57.541,25.325,-47.977,-5.516,-11.906,16.814,5.475,-8.975,22.56
58.74658,34.134,48.578,-52.071,-112.406,-2.655,65.93,-18.841,29.224,47.754,-70.229,-4.664,-5.131
58.86472,37.124,-5.71,-75.688,-8.892,-7.15,-6.916,-27.463,-38.961,-25.953,-13.368,-18.657,-15.631
59.36331,30.576,-73.822,-109.616,-9.031,18.459,-21.829,-25.965,-30.898,-7.412,-30.652,-32.785,0.69
59.82785,34.898,-96.675,-109.53,-29.941,28.094,-27.743,-19.47,-90.278,-7.906,24.695,-13.122,9.047
60.09238,31.352,-248.67,-89.031,-50.782,47.028,-24.657,-23.447,31.661,10.62,-42.465,-37.923,7.17
60.27787,29.079,-251.857,-84.213,-62.766,58.221,-55.908,-23.822,47.675,5.934,-20.217,11.512,8.25
60.38009,34.175,-95.811,-160.511,24.207,88.926,-18.351,-19.11,-108.558,14.933,16.678,20.981,21.851
60.59365,29.052,-230.592,-94.209,-34.654,63.906,-34.681,-25.123,18.147,5.568,-31.139,-25.315,13.861
60.81361,29.351,-222.639,-73.527,-137.436,43.014,-18.779,14.606,-16.521,11.752,-13.265,-18.577,4.363
61.08585,30.624,-270.675,-95.798,-36.011,46.102,-36.659,-14.251,14.694,-1.916,-11.787,-14.725,5.518
61.28785,28.976,-267.83,-76.705,-48.109,57.02,-62.408,-22.951,27.285,1.476,-19.726,16.999,5.134
61.37238,34.931,-77.71,-151.256,30.678,74.829,-22.235,-22.656,-106.656,4.454,19.25,14.702,15.372
61.64304,29.663,-215.295,-108.478,-42.301,37.389,-55.826,-16.405,-35.899,-5.076,27.436,-12.818,6.326
61.79293,31.755,-238.847,-99.664,-83.15,54.838,4.595,1.569,-2.441,12.016,-56.187,-42.521,3.647
62.09655,30.537,-274.463,-78.935,-54.094,40.518,-48.434,-9.728,-11.849,-1.347,-38.391,-5.302,1.817
62.31002,31.664,-211.771,-89.679,-65.608,64.427,-4.44,-23.366,31.668,25.569,-68.806,-32.456,16.052
62.60866,28.742,-233.1,-90.427,-59.804,47.142,-44.001,-16.36,-24.295,1.17,3.596,2.703,11.605
62.83991,33.224,-236.292,-124.454,-15.023,55.592,-26.916,4.54,-39.263,-9.683,-0.342,26.706,-1.597
63.04086,30.427,-278.806,-85.881,-37.036,42.833,-32.788,-15.57,18.8,-5.573,-18.743,-8.339,2.332
63.3059,32.186,-115.121,-121.559,-56.27,69.222,49.251,-5.837,-47.363,40.546,-80.762,-16.282,9.862
63.58916,42.658,71.956,-87.541,4.047,-17.37,22.851,-73.562,-59.642,-3.476,6.217,-26.86,-25.199
63.79601,34.057,-168.978,-119.749,-13.131,25.475,-39.688,-32.718,-25.224,0.211,24.434,-30.914,2.074
64.27701,27.903,-185.935,-118.179,-65.23,58.323,-14.844,-15.52,4.216,22.406,-58.846,-32.336,8.513
64.58032,26.121,-207.584,-113.475,-42.363,38.254,-27.45,-18.153,-26.536,11.687,-10.53,3.53,3.174
64.80522,31.428,-199.54,-161.775,-25.305,27.427,-33.895,6.134,-49.729,7.419,-4.676,-7.354,-8.968
65.08508,28.287,-224.681,-123.731,-31.198,38.89,-71.84,-16.117,-35.456,-2.071,14.474,-15.243,10.258
65.28989,29.159,-95.135,-156.969,-42.219,68.954,21.459,-6.292,-16.922,36.102,-81.034,-31.93,4.123
65.58145,26.927,-180.137,-135.576,-24.504,31.914,-45.138,-16.7,-29.116,9.992,20.184,-4.304,5.194
65.73986,26.871,-215.663,-127.02,-74.766,50.496,-17.41,9.107,11.37,-1.591,-32.678,-27.704,2.435
66.07048,26.654,-175.119,-127.634,-35.475,33.128,-71.835,-10.833,-62.577,-5.059,28.125,-22.882,16.721
66.24145,27.703,-181.46,-115.332,-96.627,65.306,-6.316,-6.511,28.854,16.453,-53.368,-34.063,6.854
66.55347,25.211,-183.198,-117.963,-29.065,13.653,-65.657,-13.889,-16.182,8.3,12.016,-14.323,7.123
66.76626,29.478,-180.845,-134.063,-32.415,49.379,21.533,10.498,-53.454,-11.801,23.36,5.901,1.663
67.04844,27.018,-193.282,-115.354,-15.821,38.597,-73.628,-27.563,-40.407,-7.393,17.361,-14.628,12.395
67.27011,30.267,-48.35,-144.024,16.647,21.467,14.537,3.112,-68.761,26.402,-17.665,24.285,24.537
67.51456,38.886,10.903,-53.797,57.406,-10.342,-9.355,-4.438,-32.485,-8.717,7.781,-51.97,20.329
67.77261,33.595,-217.99,-129.366,-42.567,32.204,-43.103,5.561,-50.124,-4.981,5.384,-10.403,-2.282
67.99977,31.6,-279.105,-83.343,-29.236,47.726,-43.702,-14.835,-12.665,-5.078,-12.805,15.385,2.282
68.2332,33.937,-155.365,-141.161,12.807,86.686,27.285,-13.046,-37.36,42.464,-74.427,3.647,13.974
68.50549,29.594,-231.3,-77.991,-46.433,44.365,-51.413,-22.468,-45.346,-6.07,2.463,-0.295,5.561
68.68517,31.542,-259.297,-76.615,-86.236,51.443,-22.212,-9.43,8.067,2.563,-20.438,-22.548,9.467
68.99973,30.804,-259.5,-82.112,-41.156,34.69,-77.36,-13.904,-30.396,-7.264,0.437,1.522,6.224
69.16757,32.258,-206.587,-65.921,-77.659,52.281,-15.559,-18.548,31.482,17.904,-48.685,-22.299,17.406
69.48866,36.851,-65.013,-95.321,-30.116,33.071,-59.232,-56.536,-76.162,8.548,48.528,-28.709,14.877
69.61456,35.661,-182.538,-99.123,-10.507,33.501,-45.331,-40.32,-39.813,11.107,4.569,-35.312,13.145
69.91732,29.758,-275.01,-103.699,-52.043,40.382,-37.167,-4.289,14.097,2.215,-13.292,-11.59,4.226
70.15719,28.044,-213.825,-105.866,-93.194,53.005,-23.511,-7.393,33.367,12.949,-46.961,-34.934,5.728
70.4107,26.006,-229.246,-88.738,-86.241,48.626,-45.662,3.246,2.152,-2.974,-8.05,-13.296,5.322
70.62898,28.621,-266.613,-94.468,-103.376,50.359,-35.583,11.002,11.743,-11.239,-10.072,-19.169,-5.272
70.95274,29.251,-245.415,-125.05,-32.549,41.384,-43.106,-5.658,-21.114,7.928,-15.709,2.974,5.109
71.15587,29.151,-223.903,-93.811,-88.053,61.193,-17.995,-9.735,41.597,16.721,-36.217,-26.041,10.232
71.47615,29.045,-214.857,-102.582,-38.326,48.025,-48.629,-11.923,-33.98,5.156,26.179,-6.333,12.119
71.65837,39.61,-90.302,-106.855,83.472,6.053,-55.324,-47.671,-78.908,-25.425,51.874,-40.638,17.656
71.92975,29.242,-238.15,-105.579,-37.349,36.624,-51.056,-23.599,18.95,22.236,-35.671,-14.697,11.441
72.15474,29.184,-205.115,-91.57,-107.153,53.003,-19.109,-17.678,20.565,24.844,-45.17,-24.923,15.673
72.45941,28.006,-194.766,-103.415,-41.694,41.159,-24.001,-24.84,-34.209,17.869,-2.193,1.86,11.689
72.70005,31.959,-197.951,-123.266,-13.258,27.372,-42.831,7.703,-53.811,-17.765,7.928,2.613,4.497
72.95841,27.977,-229.103,-119.285,-10.988,37.725,-70.93,-22.156,-4.804,2.336,-12.195,0.496,5.014
73.13197,28.139,-229.409,-95.255,-90.765,54.959,-20.544,-17.112,32.177,10.834,-28.081,-24.117,11.902
73.45166,26.361,-191.534,-110.402,-32.294,34.874,-34.914,-30.373,-16.861,-1.645,33.594,-32.492,14.799
73.63578,27.461,-180.135,-151.262,-96.968,55.776,44.568,19.615,-8.734,12.044,-16.385,-30.479,-0.527
73.80331,27.438,-289.168,-116.368,-93.121,41.176,-50.176,18.851,9.209,-17.432,2.286,7.136,-10.841
73.92372,28.169,-205.694,-146.372,1.48,42.28,-73.272,-23.639,-14.166,8.726,8.7,-23.28,17.242
74.08966,26.091,-155.605,-92.334,-156.466,38.266,-30.193,-11.963,64.017,20.528,-6.697,-4.603,0.233
74.28712,24.56,-201.412,-106.178,-77.298,33.646,-41.312,-14.427,0.342,12.881,15.222,-10.488,8.18
74.41333,26.002,-175.373,-128.517,-12.574,41.668,-46.166,-33.267,3.207,20.224,5.826,9.949,13.367
74.59265,25.712,-161.547,-83.652,-136.855,19.688,-5.682,4.92,-52.665,0.049,6.542,-32.349,7.86
74.90921,38.465,-117.144,-11.369,-48.67,-1.263,-10.944,16.405,-4.437,-5.967,1.872,-5.93,-0.387
75.05397,40.459,-58.206,-15.263,-0.493,14.967,-2.244,-19.857,29.342,18.346,-21.752,-25.843,-11.292
75.36218,39.107,-3.287,-20.268,35.493,-4.478,-31.992,-5.041,2.435,-5.287,17.786,-41.977,13.406
75.62249,46.608,-75.592,35.655,-47.123,47.733,13.757,24.258,-1.763,2.546,38.714,12.874,4.153
76.13302,47.862,-94.784,37.326,25.667,71.199,-35.128,17.818,-22.167,-7.448,-1.724,-0.268,-5.644
77.31134,41.26,-58.014,-30.267,-108.604,33.74,-30.646,-25.932,48.697,5.445,-14.122,9.255,-5.101
77.77683,45.055,-37.592,-17.404,-60.037,24.443,-32.256,-16.563,-1.21,14.268,0.147,5.222,-9.052
77.96195,45.242,-44.907,-11.786,23.034,51.868,-14.098,-17.977,-18.144,13.388,0.585,-52.414,0.586
79.05401,35.601,-65.319,-130.518,6.524,54.351,5.968,-22.033,-86.494,32.98,-31.401,7.497,14.245
79.30458,34.535,-21.699,-106.383,-105.907,51.788,13.235,-18.373,14.081,39.243,-41.455,-28.479,3.248
79.5458,39.921,-106.148,-78.944,-90.166,1.957,-37.19,-25.333,10.815,16.224,28.792,8.797,4.516
79.64789,43.733,-88.311,-11.58,-79.266,4.813,-31.279,4.782,-0.897,8.151,3.308,7.045,-10.104
80.01102,44.562,-57.496,22.363,18.564,20.546,-32.069,6.529,-7.691,10.431,-8.267,-30.289,-15.21
80.53574,37.007,-151.026,-106.7,22.774,7.204,-33.441,-22.272,-12.704,17.589,-17.783,-47.935,7.573
81.03714,31.594,-76.22,-157.432,32.834,39.762,-11.222,-30.927,-98.248,31.206,3.418,19.718,11.862
81.30104,28.823,-98.268,-106.29,-102.161,24.69,-49.136,-43.626,16.654,47.723,24.751,-1.858,25.042
81.51642,31.213,-191.903,-139.742,-44.665,35.203,-7.558,3.733,-58.636,6.691,13.013,12.948,-4.666
81.77483,29.447,-227.661,-126.815,-14.696,48.737,-73.051,-20.449,-29.772,-2.401,10.32,-17.24,17.271
82.01678,31.072,-94.909,-160.272,48.424,47.96,-20.761,-30.938,-60.534,27.079,21.453,18.996,16.694
82.50113,30.396,-191.338,-162.251,-34.465,22.658,-53.763,2.971,-28.469,17.481,12.564,12.327,-1.38
82.742,30.604,-139.143,-120.09,-78.961,34.412,-35.779,-24.221,10.615,34.354,-7.585,20.024,6.148
83.00522,32.87,-66.828,-152.397,38.199,32.584,-45.583,-27.921,-86.215,10.9,39.581,-0.142,20.452
83.22966,36.717,-29.255,-22.68,-12.09,2.749,-27.778,33.394,35.548,13.031,-21.392,-19.106,12.97
83.44517,43.309,-57.362,-9.832,-83.936,31.426,31.584,2.912,-8.991,16.899,15.511,23.32,-14.876
84.43932,47.412,-46.539,14.636,-26.805,29.756,-32.421,-21.065,6.084,10.88,4.755,-8.695,-15.749
85.22952,37.776,-93.66,-106.983,-21.875,45.747,-25.135,-38.869,-59.299,22.554,-13.548,13.118,6.591
85.62789,36.363,-154.35,-56.145,-84.44,10.62,-37.207,-30.854,15.241,6.881,-14.043,10.115,-4.808
85.82163,37.799,-116.735,-24.472,-57.037,3.779,-35.224,-37.084,-2.779,2.026,-3.496,3.635,-7.494
85.97043,39.476,-63.283,-60.173,-15.262,9.517,-71.976,-46.532,-46.505,-29.767,34.787,-9.778,8.217
86.12871,36.992,-110.294,-55.345,-15.13,5.99,-34.556,-39.312,-25.546,-10.012,-6.627,-9.655,5.094
86.44245,34.378,-204.271,-135.35,-9.017,32.772,-45.99,-18.606,-23.465,11.31,10.134,-14.177,11.884
86.94254,37.008,-40.304,-136.052,-14.066,44.327,-48.34,-63.65,-42.43,33.369,31.036,5.021,19.515
87.2151,31.562,-85.841,-135.489,-33.201,35.309,-19.852,-33.408,-38.863,10.18,-1.234,-39.739,2.497
87.35615,30.797,-178.158,-56.554,-165.508,28.313,-24.234,-20.124,39.7,4.733,9.079,7.555,-7.258
87.88757,31.304,-89.7,-94.123,-50.349,20.992,-17.026,-49.858,-31.325,40.847,-32.277,-22.054,1.551
88.18354,27.934,-171.371,-109.755,-21.253,23.577,-64.252,-38.429,-35.619,12.69,18.998,-7.412,6.95
88.4063,27.92,-180.716,-176.231,-17.199,32.186,-45.252,7.154,-28.342,13.65,-11.302,2.094,-11.423
88.60181,24.784,-212.727,-124.531,-69.712,31.541,-70.974,-6.317,-12.414,9.226,6.782,-7.404,5.122
88.67719,24.685,-197.811,-138.049,-22.951,40.112,-59.129,-19.069,-6.429,5.672,9.936,-19.152,9.614
88.87737,25.151,-88.925,-152.387,-24.939,40.722,36.765,-18.397,-44.643,50.757,-51.445,-9.323,-0.918
89.17433,26.229,-106.308,-103.652,-60.427,7.236,-61.788,-24.481,-15.72,24.51,14.238,2.5,13.886
89.35488,29.692,-136.631,-97.296,-56.919,9.22,2.21,3.569,-16.151,-5.05,-7.397,-15.793,3.135
89.67007,27.028,-184.053,-95.298,-39.833,23.098,-60.124,-30.607,-19.62,-2.06,16.561,-7.889,7.527
89.91642,28.78,-51.689,-145.448,27.965,18.533,-101.747,-28.147,-77.067,1.614,52.384,-31.533,31.91
90.16912,21.484,-142.404,-131.144,-24.082,29.837,-65.228,13.292,5.975,3.396,13.398,-8.382,16.739
90.38522,24.61,-183.983,-199.787,31.687,23.622,-34.152,-7.187,41.377,18.811,-2.46,2.483,-9.257
91.10526,14.094,-108.707,-165.152,-103.311,46.214,-60.912,-4.644,17.279,14.742,14.746,-5.948,-3.205
91.39728,28.69,-187.14,-122.43,-27.059,45.295,18.333,-6.769,-44.471,-11.167,49.107,19.34,4.701
91.62703,26.934,-246.841,-110.01,-48.555,53.871,-36.483,-11.677,-8.526,5.231,-22.003,-1.44,10.284
91.84499,27.601,-155.392,-106.756,-60.214,44.2,10.505,-26.531,29.837,26.365,-68.819,-51.421,9.813
92.08821,31.133,-54.248,-56.427,-107.29,41.479,12.236,4.694,-2.472,6.58,-28.166,18.527,1.081
92.18286,35.686,-16.848,-30.616,-64.633,4.185,-17.2,0.36,30.683,-20.28,-0.22,-14.585,-8.229
92.40195,33.875,-54.938,-98.494,-59.672,-8.137,-35.547,-46.512,-7.385,15.021,4.114,-7.03,-13.844
92.87315,31.263,-59.172,-94.613,-35.015,9.0,-8.955,-47.085,-5.112,2.159,-0.264,-7.762,-4.469
93.08209,34.488,118.191,-111.74,-131.9,66.961,2.276,-55.03,-0.619,47.559,-34.206,17.403,14.076
93.37401,37.844,-53.708,-50.897,-33.421,15.278,-5.144,-20.671,15.408,-14.348,-7.513,-17.399,4.182
93.85528,30.23,-59.512,-107.43,34.622,-0.741,-66.867,-26.059,-42.613,-24.089,29.968,-32.027,29.073
94.2478,32.31,-20.88,-35.205,-22.617,20.442,-80.852,34.191,-15.231,-15.19,20.432,-16.233,22.581
94.31107,35.242,-104.029,-44.21,-16.197,37.082,-9.578,35.391,21.344,6.494,23.626,-25.182,20.791
94.81528,28.824,-135.436,-117.198,-2.395,31.432,-55.806,-25.764,-19.701,10.308,3.253,-15.953,20.079
95.2615,26.789,-110.918,-135.551,16.633,52.71,-30.786,-15.129,-40.092,2.82,-15.838,-40.766,18.517
95.7454,23.539,-43.098,-125.851,-2.911,23.866,46.802,-29.377,-21.589,30.621,-79.231,-31.956,-11.561
96.00739,17.893,-138.547,-130.111,-70.55,54.728,-43.134,-22.551,0.373,11.47,-1.714,-14.275,11.527
96.2259,22.666,-85.994,-109.892,-101.939,52.321,53.623,-3.488,-25.856,18.652,-46.693,-58.189,16.944
96.47333,24.056,-101.647,-99.535,-113.577,42.713,-41.258,-8.485,30.361,5.912,-5.002,2.826,8.694
96.75719,28.381,-31.56,-104.331,23.107,32.71,-40.723,-14.306,-44.688,5.232,39.227,-55.707,35.867
97.17107,30.332,-24.807,-28.725,-57.304,-17.434,-34.648,-11.849,4.828,-23.301,14.518,-7.505,-10.154
97.68041,27.215,-56.638,-63.095,-19.496,-13.07,-11.172,-18.64,-22.288,-34.053,-18.351,-32.104,-8.028
98.10349,27.519,-13.682,-46.537,-101.658,20.818,-25.96,-8.003,25.339,-11.575,-28.511,19.963,-12.626
98.23787,32.04,-32.21,-111.39,18.071,3.28,-69.261,-38.637,-49.344,-4.906,36.214,-43.256,23.848
98.74567,30.518,-69.043,-143.764,37.968,40.398,-72.688,-25.642,-84.166,1.522,59.839,-19.469,28.746
98.97696,24.64,-166.878,-113.682,-35.736,31.013,-26.952,15.612,-14.659,18.311,-8.005,-12.547,18.04
99.17705,27.056,-128.941,-102.169,-37.894,22.659,-17.591,-5.231,-55.666,0.515,7.881,13.951,4.455
99.68893,28.791,-84.096,-114.209,15.475,25.712,17.161,-2.325,-52.971,11.18,-44.176,-5.116,6.842
99.94449,25.3,-128.849,-107.047,-86.247,15.032,-40.253,-19.139,8.736,16.807,5.769,4.826,4.744
100.07814,26.977,-119.618,-103.443,-12.706,16.048,-52.896,-15.273,-10.368,13.624,9.736,-15.88,19.065
100.18036,33.25,-78.753,-68.965,-87.767,22.569,31.89,-3.453,39.322,9.751,10.07,6.087,3.3
100.43832,32.668,-16.895,-85.516,-49.659,-39.361,-43.262,-55.982,-0.582,-0.048,12.479,-8.235,-21.134
100.70186,35.358,-69.372,-95.075,-6.95,-1.246,-24.057,-19.875,-39.31,2.513,12.086,-2.456,30.143
100.88041,33.694,-6.401,-106.587,-47.497,44.825,-27.694,-21.871,10.714,-8.062,-42.584,0.583,15.525
101.19134,32.196,-90.72,-101.11,-2.709,9.074,-22.034,-40.561,-37.464,-15.828,-0.832,-27.245,-1.26
101.50816,27.783,-148.253,-106.738,-39.199,32.432,21.93,-23.997,-8.058,31.874,-44.677,-13.816,11.694
101.64181,31.467,-27.523,-138.084,50.508,18.22,-3.213,-28.527,-57.115,-13.106,-20.83,-21.444,-2.381
102.03465,32.907,92.662,-96.289,-31.312,-13.415,-34.27,-31.116,-64.857,-2.303,8.052,-8.757,5.167
102.14254,34.528,-41.089,-49.16,-51.918,-18.135,-12.97,-10.223,5.178,-26.763,15.383,-13.615,-24.688
102.66327,32.728,-68.226,-105.802,-35.206,-15.144,-47.895,-59.798,-18.108,16.435,14.705,-9.133,-11.612
103.1,28.52,-84.889,-124.091,-1.751,29.515,-26.611,-24.76,-35.96,17.186,-5.759,-54.196,24.982
103.58771,29.286,-40.773,-124.277,34.382,9.985,-5.004,-1.125,-77.304,4.241,-13.071,-30.579,1.567
103.87193,23.79,-145.267,-81.059,-35.026,36.541,-55.418,18.759,2.695,8.313,3.174,-24.969,25.679
104.10689,28.049,-145.077,-133.5,-29.271,25.857,-21.272,-7.039,-20.508,-3.086,33.173,6.636,-4.055
104.38503,33.482,77.21,-76.321,-147.323,24.843,45.785,-39.338,77.41,78.675,-73.098,20.411,-4.005
104.62526,35.326,-31.917,-64.132,49.774,23.491,-7.862,-15.679,-31.851,2.006,-1.047,-46.154,0.404
105.10145,28.918,-90.94,-140.98,-12.1,50.0,21.811,16.185,-27.358,22.435,-49.057,-18.187,9.345
105.36517,25.506,-88.605,-113.131,-77.232,8.997,-57.383,-21.774,19.093,-3.168,-16.798,0.875,-12.873
105.42771,29.433,13.073,-111.227,-99.199,43.977,-27.562,5.582,18.719,-26.149,-26.551,4.111,-8.999
105.62757,29.522,-70.933,-143.295,43.969,52.359,-89.422,-10.933,-65.295,-6.503,54.074,-41.684,38.385
106.01093,29.637,-61.965,-30.296,6.882,-54.297,-48.343,-8.482,-6.123,-27.207,2.393,-3.52,-7.851
106.0907,35.257,18.212,-116.951,25.348,0.95,23.432,-22.008,-50.545,15.173,22.115,9.969,-0.729
106.60308,29.828,-36.413,-136.05,36.375,43.886,-47.073,-16.912,-72.789,14.483,33.266,6.793,19.216
106.86014,23.836,-156.66,-117.915,-25.221,14.827,-65.566,11.755,-9.897,8.173,22.294,-19.335,17.659
107.03279,27.234,-120.671,-100.614,-55.427,14.096,22.344,12.997,-40.106,2.485,-27.719,-8.583,6.092
107.22535,27.629,-152.343,-66.163,-117.94,20.068,-41.845,-29.996,27.731,9.647,-15.304,22.121,-3.126
107.4512,31.527,-57.599,-59.043,-64.427,-0.11,-36.918,-49.899,-6.086,-5.066,-7.987,11.708,-4.528
107.59678,31.505,-59.006,-89.91,50.42,-10.253,-75.742,-16.07,-72.854,-37.13,37.91,-28.909,32.389
107.78068,28.079,-109.453,-87.314,-14.2,18.371,0.582,6.247,15.24,0.619,-15.063,-15.215,26.708
107.97751,30.713,29.577,-97.621,-85.862,11.588,-9.789,10.705,16.913,-63.655,-35.843,9.811,-28.559
108.08177,34.71,-44.254,-99.821,-38.961,-9.505,-21.437,-34.763,-0.275,-9.068,-2.105,-18.891,-14.055
108.54834,29.634,-79.08,-100.591,-13.414,-7.217,6.837,-31.424,-14.004,-3.773,-12.191,-43.861,-6.25
108.99302,34.722,19.463,-71.381,-52.343,-3.643,-39.081,-42.363,-58.159,-1.229,36.242,5.372,-2.264
109.07029,35.747,-90.38,-58.595,8.905,-15.432,9.313,-35.131,-14.263,-35.098,-12.772,-53.454,-8.741
109.53043,33.099,-18.939,-96.762,-59.174,16.177,14.881,-2.303,-21.499,7.028,-22.814,52.31,2.645
109.60748,34.443,41.917,-88.317,-31.019,-5.481,-10.137,-40.121,-11.631,18.372,-20.712,-35.221,21.761
109.8551,27.041,-115.39,-66.381,-30.521,-27.703,-30.581,-4.971,20.109,-14.015,-9.756,23.72,-8.672
109.97819,31.444,-80.559,-81.638,-31.205,38.052,-53.879,33.708,-27.292,-9.935,5.202,-38.64,41.255
110.16163,28.502,-137.165,-105.55,-57.302,64.149,-52.602,16.97,24.448,4.161,-16.505,-13.157,13.233
110.52272,28.228,-118.745,-128.327,-29.868,35.799,-39.283,-25.349,-38.444,13.891,19.087,-0.278,18.522
110.76444,24.372,-171.101,-110.501,-34.7,26.531,-74.56,-23.78,-20.579,9.602,5.921,-0.025,15.896
110.92281,26.593,-129.669,-128.139,-20.858,13.011,-33.772,-22.476,-20.478,11.496,-3.167,-55.775,10.241
111.43605,26.055,-55.518,-112.271,33.408,-34.849,-42.967,-39.185,-35.69,-0.774,-13.534,-49.618,-18.405
111.74571,19.053,-135.41,-123.811,-59.085,40.963,-42.459,4.555,-7.714,12.17,6.377,-11.083,-4.149
111.9224,22.191,-133.036,-100.522,-121.712,22.73,6.727,1.07,-5.826,5.458,8.639,-45.278,4.815
112.32853,23.181,-117.02,-83.323,-91.455,-30.984,-18.192,-4.147,9.588,-3.465,-5.591,0.025,-25.13
112.43574,27.975,-51.631,-66.643,-100.696,-22.071,13.551,5.039,-19.095,-4.879,-23.574,-42.347,-16.485
112.73719,26.008,-149.569,-86.915,-42.989,6.856,-39.076,-20.002,1.918,9.463,-4.825,-6.277,4.55
112.96168,33.229,-56.738,-80.567,-57.501,6.805,26.784,27.821,5.899,-22.225,-17.257,5.973,-14.473
113.4761,30.013,-43.175,-136.611,26.743,23.832,-44.562,-4.224,-84.285,4.597,43.58,-19.872,13.5
113.96585,34.434,-32.412,-144.537,26.541,26.249,-18.53,-19.582,-79.472,23.429,55.264,-9.673,29.418
114.09224,29.285,-135.833,-95.422,-91.56,38.803,-40.867,-27.828,18.248,50.166,-15.831,-1.035,32.225
114.22848,30.758,-21.531,-112.049,-42.144,14.427,-21.441,-36.507,-23.399,67.455,-18.499,-16.698,27.3
114.45977,28.649,-78.501,-159.341,22.81,49.227,-11.149,-9.323,-73.701,16.25,6.227,-3.236,14.153
114.71891,25.585,-152.224,-141.578,-44.841,16.537,-69.285,-22.496,-10.121,28.63,32.393,2.367,18.213
114.91637,28.124,-116.85,-112.523,-53.268,17.541,-35.722,-11.85,-56.917,1.958,15.975,-39.43,14.373
115.19995,26.059,-190.47,-78.419,-82.26,26.242,-42.962,-29.111,1.876,4.273,-3.081,9.076,1.603
115.39193,28.698,-128.531,-71.694,-62.316,11.599,-6.214,-28.414,4.998,-0.292,-35.971,-42.412,5.805
115.63551,27.05,-132.147,-102.506,-50.34,31.729,-6.595,0.174,2.902,0.059,-32.988,-14.056,8.067
115.88068,28.762,-124.914,-73.286,-121.638,-8.809,-5.489,-15.268,27.622,-12.12,-14.498,-28.371,-11.102
116.3912,31.858,-58.307,-82.832,-115.578,-3.957,5.542,-19.579,-10.249,1.94,0.413,-11.501,-9.336
116.59687,38.549,104.393,-117.679,-23.86,11.64,24.588,-60.285,-29.743,26.764,-40.416,-30.807,8.024
116.8839,34.799,-103.767,-26.974,-130.428,33.582,41.147,7.274,11.321,-9.54,4.605,3.171,-0.892
117.42785,33.735,-47.962,-108.975,36.289,-4.638,-38.641,-22.685,-50.921,-20.814,23.483,-55.55,19.679
117.68553,23.89,-152.001,-125.264,-29.158,7.67,-63.191,-16.11,-12.742,9.439,4.921,-11.683,14.407
117.78871,30.402,-26.262,-59.913,-30.402,-35.897,-23.846,-16.275,6.448,-12.556,5.704,11.349,-7.322
117.91701,36.601,-69.461,-48.555,-51.062,-9.812,8.253,-11.754,15.306,-10.174,25.788,1.396,-25.746
118.41129,34.137,-57.379,-79.772,-6.084,-6.122,-47.257,-25.291,-21.911,-22.09,17.093,-4.446,15.433
118.83528,34.204,-87.414,-119.573,-85.588,-1.753,-67.907,-23.399,-35.01,1.297,75.334,-3.236,4.568
118.91184,32.945,-94.802,-132.461,10.783,-15.13,-83.976,-5.242,-48.586,-17.629,26.247,-37.823,16.357
119.13229,25.855,-161.877,-127.379,-35.557,17.2,-32.95,-1.857,-20.095,18.103,-21.631,-16.833,3.818
119.36327,31.851,22.617,-149.686,-25.957,18.103,32.92,-2.055,-53.82,13.667,-46.198,12.755,-12.749
119.47819,28.457,-47.122,-102.204,-32.088,-20.668,-16.599,-25.516,-22.365,22.299,-15.714,-18.918,4.474
119.78712,24.766,-72.723,-120.374,-21.01,-13.232,-81.621,-21.061,-36.447,2.257,26.193,-20.165,10.22
119.8815,29.627,-141.483,-160.269,-16.209,6.185,-5.887,1.529,-15.752,0.202,34.026,-2.7,-7.322
120.19918,26.324,-132.992,-95.628,-75.457,-26.76,-32.009,-4.938,6.442,-5.328,-15.316,1.63,-20.05
120.27537,29.51,-100.441,-55.652,-95.903,-1.358,5.132,-1.601,13.369,1.304,-3.831,-59.25,2.281
120.75673,30.565,-93.994,-42.013,-89.092,19.92,-39.818,36.635,11.786,12.846,15.648,0.311,11.528
120.85429,34.288,-47.373,-53.011,-17.541,48.482,-21.437,36.604,-26.364,21.889,-3.876,-21.533,16.825
121.37265,28.817,-63.586,-155.603,48.991,36.248,-82.359,-15.275,-72.212,-13.763,45.559,-28.036,23.168
121.76027,31.665,88.319,-98.911,-9.084,-15.685,-38.553,-48.077,-50.486,4.763,4.653,14.795,0.911
121.859,34.969,-20.67,-93.613,16.8,-20.836,-42.953,-41.815,-40.017,-20.942,42.692,-11.892,-9.884
122.36082,30.242,-81.97,-153.566,23.617,30.528,-60.83,-25.251,-78.197,-1.452,37.472,-9.813,10.771
122.56667,27.405,-109.451,-138.58,5.066,7.37,-65.922,-22.193,-40.057,18.177,17.156,-54.17,30.705
122.75905,27.372,-205.656,-97.669,-182.964,36.598,-9.785,19.638,-34.042,10.687,-3.929,-34.369,7.898
123.04281,30.918,-285.008,-87.865,-55.598,50.388,-33.693,-12.309,31.14,-6.891,-21.914,-16.743,2.527
123.24472,30.512,-275.974,-65.717,-73.624,64.109,-30.091,-14.438,30.56,-9.512,-4.919,16.129,2.926
123.34005,34.887,-116.231,-123.922,20.142,66.582,-19.372,-31.432,-109.58,21.884,14.941,17.203,25.791
123.60172,29.916,-230.16,-93.837,-16.527,47.728,-75.811,-29.653,-10.449,0.849,3.416,-2.869,11.689
123.82476,33.435,-223.531,-140.196,-22.593,37.603,-23.168,3.433,-37.702,1.509,12.733,-5.214,-3.841
124.05995,31.165,-261.422,-99.999,-23.749,57.039,-24.429,-12.02,-3.48,-1.186,-27.442,-2.353,2.648
124.26857,31.124,-244.568,-78.894,-50.698,56.487,-32.845,-22.737,8.455,9.198,-23.396,-8.482,15.428
124.75878,34.919,-190.531,-125.24,-8.456,52.796,-58.135,-22.257,-66.471,-6.569,30.186,-43.674,18.765
125.05079,30.863,-274.419,-80.464,-55.018,44.625,-54.077,-10.265,-24.612,-1.995,-34.842,6.939,0.992
125.26045,32.809,-205.802,-103.379,-46.679,68.474,14.519,-22.3,18.746,32.02,-81.031,-43.071,17.284
125.52041,29.115,-242.034,-89.8,-65.454,48.262,-44.527,-10.98,-28.707,-0.654,-30.89,-7.79,4.997
125.78218,33.933,-243.035,-126.654,-37.344,45.507,-0.947,9.692,-22.092,8.833,-27.58,7.18,-4.693
125.99166,30.862,-293.932,-74.99,-59.086,48.142,-49.229,-13.674,14.997,-9.08,-18.838,2.193,1.752
126.2942,33.548,-138.79,-116.209,3.593,44.677,-79.693,-41.907,-106.942,11.512,43.473,-18.967,30.068
126.50803,33.029,-150.043,-101.797,12.559,4.363,-16.825,-37.51,-65.047,20.221,-20.557,19.274,-11.627
126.72304,30.161,-232.578,-106.845,-91.327,49.204,-8.814,5.204,-9.922,5.408,-18.486,-20.659,3.47
127.00018,29.521,-265.932,-111.968,-21.405,51.511,-44.979,-18.029,25.676,4.99,-44.354,-29.643,9.809
127.22136,25.939,-197.074,-96.616,-105.563,63.244,-6.548,-10.515,19.09,11.093,-29.135,-27.318,10.54
127.55202,27.118,-213.604,-116.929,-37.819,49.783,-75.904,-19.9,-35.077,0.53,10.64,-3.802,15.957
127.78671,32.226,-204.376,-151.159,-26.022,35.368,-41.686,0.676,-51.736,7.963,-1.508,-6.568,-0.961
127.9873,29.873,-274.361,-100.566,-58.391,47.887,-44.109,-7.725,-2.726,-0.084,-16.936,-3.486,10.455
128.261,32.622,-138.667,-146.886,44.614,42.721,17.37,-32.377,-63.237,25.301,-20.131,14.702,0.459
128.52113,26.937,-173.795,-122.739,-27.142,52.606,-61.899,-24.596,-56.591,4.614,21.773,-15.691,20.624
128.70821,28.521,-233.523,-111.867,-74.12,55.403,-7.442,-2.652,4.618,1.505,-25.47,-30.991,4.946
129.01846,26.019,-154.841,-148.182,-35.727,37.036,-44.51,-7.997,-26.942,32.177,-10.555,5.791,18.11
129.12812,24.646,-264.869,-112.288,-86.788,63.187,-54.644,10.785,1.525,-25.068,-4.757,0.004,-6.008
129.19134,27.561,-215.977,-93.608,-105.909,52.756,-12.175,-11.621,13.255,12.932,-36.58,-30.592,9.269
129.49601,27.051,-203.52,-134.442,-33.284,43.392,-67.957,-13.908,-38.006,5.908,12.307,-10.506,15.438
129.67868,27.222,-227.302,-104.58,-104.873,46.388,-9.054,-0.998,1.002,4.248,-17.745,-40.184,6.196
130.22594,31.534,-52.761,-151.794,38.539,30.468,-14.165,-12.922,-94.276,16.963,37.711,27.591,12.993
130.4678,28.039,-131.39,-120.611,-4.34,1.006,-46.799,-3.481,-41.031,11.77,32.506,-30.983,15.459
130.68181,35.442,-134.435,-124.193,17.683,19.874,-52.856,-4.656,-97.812,-16.235,44.496,-20.731,14.766
131.02993,30.507,-300.041,-73.335,-37.283,52.175,-48.499,-18.815,21.277,-16.44,-10.284,4.819,0.749
131.18567,35.357,-115.081,-154.412,49.005,71.316,-9.089,-34.34,-76.042,36.771,-6.771,30.973,21.505
131.40898,30.601,-239.096,-83.304,-39.905,53.002,-5.563,-15.694,1.559,7.574,-9.081,3.01,5.161
131.59782,31.732,-276.585,-70.489,-91.065,56.315,-16.589,-4.311,4.881,-4.925,-13.685,-23.687,8.861
131.93678,31.874,-267.394,-77.582,-36.857,55.156,-23.699,-22.93,3.737,-8.046,6.149,-10.754,11.796
132.16776,36.624,-79.333,-111.307,25.657,46.519,-6.875,-32.579,-105.05,27.642,4.366,24.696,15.099
132.36372,38.13,-97.308,-109.129,-30.082,77.17,54.276,-36.859,5.289,51.244,-75.848,-16.084,10.803
132.56104,34.393,-179.228,-110.989,-27.5,53.444,-36.528,-19.08,-49.291,-1.038,42.541,-48.205,20.935
132.91152,31.348,-257.57,-80.279,-52.723,52.888,-35.776,-10.231,-36.288,-1.389,2.919,-0.667,10.561
133.09007,32.056,-226.36,-54.787,-69.945,60.899,-26.676,-29.963,48.054,18.689,-42.242,-21.328,7.019
133.33488,29.122,-246.528,-59.984,-67.236,57.647,-35.861,-0.009,-8.437,-5.55,2.638,-19.129,10.159
133.64304,32.823,-218.311,-135.367,-14.658,36.243,-44.805,-4.538,-38.054,-3.0,23.31,2.564,-2.642
134.14549,34.271,-101.621,-128.243,6.298,65.854,45.73,-15.629,-83.77,46.234,-35.33,10.163,12.598
134.42739,29.082,-182.718,-105.538,-33.882,27.536,-42.223,-5.356,-38.235,16.245,16.826,-0.489,10.718
134.59991,33.04,-228.456,-114.44,-34.188,50.54,7.411,3.34,-43.257,15.155,-36.505,-6.333,-0.697
135.11678,32.579,-130.73,-131.012,-3.251,65.311,38.179,-17.974,-57.794,30.303,-58.334,-6.873,12.525
135.37093,29.557,-210.887,-114.796,-43.57,52.606,-17.677,-13.647,-24.441,19.608,-5.619,1.756,17.168
135.53946,30.277,-221.206,-88.157,-110.745,34.861,-33.504,-15.551,39.061,10.891,-18.058,-9.697,1.696
135.84812,29.341,-244.905,-112.781,-41.065,51.018,-17.236,-15.911,9.838,10.216,-28.114,-30.986,12.931
136.08639,30.665,-173.453,-130.369,-63.851,75.408,30.101,-3.448,-22.495,31.5,-66.492,-11.019,12.099
136.38776,27.993,-218.253,-125.014,-2.753,44.091,-64.483,-32.242,2.962,6.237,1.438,-15.912,16.155
136.58476,28.51,-199.542,-149.985,-58.339,47.492,17.745,15.012,-31.903,12.102,-23.424,-0.026,-8.642
136.80599,28.643,-256.041,-113.316,-58.681,55.41,-20.404,-5.146,11.547,3.844,-28.954,-22.186,9.236
137.09556,31.134,-76.033,-138.242,32.659,22.503,-37.671,-33.658,-81.539,7.659,51.987,-11.447,11.018
137.36816,26.795,-180.379,-130.785,-43.286,39.653,-64.84,-21.895,-19.977,19.573,16.133,-1.46,18.999
137.54308,29.336,-205.156,-122.707,-93.904,33.502,2.132,10.467,-23.115,14.437,-10.584,-20.244,-0.556
137.78132,35.66,-139.287,-5.615,-172.123,32.305,-16.883,-4.568,55.561,17.443,-20.958,16.79,4.409
138.24639,41.203,10.136,-62.617,62.9,19.779,-66.868,-18.879,-23.129,-6.778,10.038,-41.142,26.01
138.53297,44.783,-97.176,5.13,-74.607,56.507,40.9,30.689,12.078,13.637,42.291,15.749,-1.338
138.74444,47.276,-77.758,19.859,-18.684,78.384,-35.065,-15.15,8.028,29.833,0.258,-19.768,5.374
139.23846,45.486,-90.485,12.942,-28.693,88.25,-44.175,-16.615,-8.342,32.463,3.208,-0.704,14.165
139.33755,46.541,-58.529,22.034,-46.599,95.779,-45.566,-12.577,8.668,47.887,3.469,3.459,5.946
139.5234,48.348,-49.049,1.819,-31.25,80.415,-51.107,0.007,-5.857,44.169,17.113,-6.942,4.464
139.98812,42.207,-109.485,-10.446,40.928,81.66,-34.927,-27.741,3.362,25.291,7.563,-41.38,9.996
140.27261,40.701,-27.28,-32.951,-140.4,38.353,-9.608,-40.945,65.553,4.589,-18.255,11.034,-8.419
140.62249,45.384,-40.938,3.988,-80.714,30.361,-10.18,-19.064,-20.075,16.382,20.461,4.484,-15.089
141.16503,45.232,-54.896,24.863,-4.073,46.827,-31.358,-24.646,11.337,12.505,-5.089,-12.644,-8.511
141.53918,38.722,-128.75,-110.903,44.868,22.564,-33.383,-41.419,-52.923,11.523,-19.158,-43.293,22.926
142.01379,36.028,-76.774,-97.169,8.688,38.83,7.386,-24.781,-52.831,8.381,-46.945,3.419,9.27
142.27401,34.235,-23.849,-90.801,-111.488,25.02,20.269,-34.713,38.572,40.866,-61.204,-39.524,-5.562
142.47619,39.433,-89.709,-27.207,-144.812,25.263,-8.303,11.482,-13.905,-6.802,40.339,22.724,-17.233
143.00549,43.762,-75.29,15.773,18.583,33.898,-41.524,-1.755,10.659,-5.982,11.978,-28.023,-10.629
143.49959,35.957,-116.985,-121.789,30.295,-9.389,-61.525,-23.455,-50.774,-5.621,23.589,-46.215,13.856
143.86721,26.242,-249.135,-100.96,-73.144,52.484,-51.175,-11.373,6.762,-7.036,7.938,2.888,9.433
143.97497,30.944,-89.017,-159.334,35.834,52.183,-28.745,-24.848,-89.42,16.402,12.149,20.119,16.044
144.38385,27.587,-208.64,-94.788,-114.575,48.616,-19.885,-9.73,-4.525,9.973,-12.631,-20.83,10.113
144.66599,27.538,-259.243,-108.004,-54.294,53.932,-46.286,-13.624,18.439,-1.773,-19.792,-17.469,10.711
144.95683,29.419,-85.815,-154.656,10.791,46.753,32.538,-2.333,-63.986,25.629,-39.187,10.557,10.602
145.38726,26.596,-205.218,-95.976,-141.823,49.002,0.177,13.027,-10.299,0.768,-14.587,-31.876,6.883
145.69333,28.549,-164.754,-100.362,-80.439,35.89,-51.642,-26.625,17.806,20.549,-6.951,19.777,9.437
145.9542,30.611,-21.274,-120.312,55.158,8.373,-82.189,-22.423,-71.792,7.607,45.508,-27.727,41.814
146.19737,34.672,63.9,-111.577,33.032,-32.378,-43.336,-44.982,-85.684,-11.599,49.002,-32.766,-11.139
146.38934,37.286,-73.598,-99.069,-81.329,-7.713,-13.122,-7.571,-22.289,4.166,37.466,26.698,-1.93
146.46254,44.191,-73.642,-21.374,-91.888,10.225,-0.281,-11.109,10.421,4.297,-8.954,5.123,-12.002
146.73995,47.95,-36.502,36.578,-42.722,21.309,-21.023,-28.982,1.164,-14.14,-9.19,8.84,-19.83
146.89533,49.074,-34.595,31.193,-18.335,17.044,-29.048,-35.299,-2.628,-24.388,-14.94,-3.405,-19.68
147.43501,47.4,-43.88,-6.824,-5.815,11.576,-40.935,-25.777,12.771,-15.852,4.65,-24.195,-21.462
148.23565,36.792,-115.729,-72.065,-56.895,34.022,-14.898,-50.261,-25.058,11.795,12.364,-17.551,9.987
148.38608,35.976,-206.403,-118.759,-54.52,64.029,-54.51,-10.911,-5.837,-9.336,7.083,-0.945,4.055
148.64172,35.51,-173.628,-71.441,-64.564,37.934,-52.511,-34.243,7.201,1.587,-14.214,17.274,1.804
148.90435,35.34,-122.706,-97.865,-5.056,42.277,-39.211,-32.357,-51.254,-1.976,2.501,-17.623,15.395
149.36857,33.948,-192.391,-144.086,-35.213,47.373,18.168,5.72,-53.12,21.917,-41.147,-10.58,-2.814
149.75601,33.636,-155.666,-67.48,-112.495,45.526,-19.943,-37.239,29.075,39.6,-26.961,18.88,7.085
149.90227,33.555,-131.886,-119.247,14.067,43.23,-73.991,-53.362,-82.215,8.854,50.069,-41.366,33.891
150.09955,30.571,-110.928,-127.568,-51.641,56.404,-20.561,-13.079,-35.945,15.188,-43.18,-16.623,-4.831
150.29011,32.089,-194.892,-51.836,-162.954,16.812,-35.834,-15.994,27.264,5.656,7.256,17.242,-9.23
150.49156,36.579,-132.503,-73.952,-43.773,5.816,-33.312,-57.938,-1.096,18.996,-4.208,-10.189,-5.165
150.84141,33.657,-147.596,-99.394,-11.082,26.565,-20.921,-48.891,-26.162,23.109,-25.957,-24.064,2.622
151.34304,33.07,-172.497,-89.868,-54.127,15.879,50.336,15.316,4.647,11.903,-49.348,-21.068,3.267
151.84889,31.183,-98.363,-134.311,-2.791,46.757,29.033,-3.834,-75.899,27.612,-59.699,12.055,4.529
152.12381,27.367,-198.77,-122.87,-26.202,49.352,-64.636,-22.074,-33.881,3.16,16.41,-7.631,17.639
152.33465,29.489,-238.733,-151.152,-25.506,32.048,-36.483,1.857,-9.254,11.163,-2.663,0.21,-0.079
152.61161,24.587,-178.78,-145.693,-30.416,30.688,-81.347,-14.395,-30.399,8.719,5.419,-17.346,7.97
152.83823,27.833,-66.416,-169.489,49.761,19.559,3.912,-18.444,-75.238,25.381,4.281,15.297,1.284
153.34299,27.215,-181.287,-126.288,-11.695,47.731,-36.445,-10.742,-32.652,-16.381,27.801,14.56,5.764
153.54948,22.942,-201.084,-138.203,-11.829,68.787,-64.9,-27.245,15.975,1.115,-6.38,-5.312,15.622
154.11193,18.046,-144.919,-127.716,-84.711,59.59,-46.824,-20.08,12.081,9.711,8.358,4.022,9.024
154.22313,19.324,-153.892,-118.331,-66.53,59.347,-53.908,-29.736,-6.923,13.274,5.169,2.079,15.45
154.32068,27.295,-174.103,-116.099,-0.58,32.6,-12.484,-19.196,-31.676,-15.759,26.206,13.671,1.685
154.62576,24.755,-204.391,-127.745,-36.989,58.231,-56.209,-14.007,-23.515,-4.588,1.272,2.277,11.84
154.86082,29.976,-87.655,-105.169,-17.948,30.697,-39.372,-26.047,-55.118,-0.848,-4.691,-45.408,24.182
155.19125,24.42,-183.687,-129.059,-27.672,28.143,-67.773,-18.329,-14.107,2.78,15.051,-14.572,15.788
155.45664,32.079,-137.898,-82.743,3.168,13.928,63.029,31.606,-28.719,-22.867,-3.539,13.562,17.319
156.0346,29.11,-97.495,-102.007,22.04,13.294,-15.574,-7.607,-46.026,-2.926,-10.285,0.688,16.645
156.29868,23.959,-157.128,-125.061,-21.869,25.053,-69.014,-12.58,-22.51,0.493,15.493,-1.87,18.582
156.62118,27.091,-168.243,-125.929,-0.403,30.301,-52.226,-27.523,-45.1,-2.804,37.205,-16.401,16.281
156.82059,23.478,-235.263,-122.035,-76.855,59.597,-54.797,-4.032,13.261,-8.924,-22.184,-12.241,4.569
157.13374,25.77,-96.465,-119.178,-30.706,37.446,20.953,5.973,-14.024,24.923,-71.308,-34.646,9.699
157.44376,20.809,-141.093,-140.525,-17.587,22.453,-67.493,-1.118,0.946,-2.592,10.633,-15.371,12.122
157.74186,32.393,-106.59,-91.162,60.542,3.898,14.684,20.602,-36.447,-37.957,29.033,7.953,25.053
158.33438,29.279,-131.231,-108.573,-6.567,32.217,-11.026,-13.165,-42.203,-6.55,13.207,10.191,10.174
158.62249,25.882,-176.452,-113.391,-25.119,28.571,-71.644,-15.92,-32.163,-3.433,16.963,-11.769,17.479
158.77637,25.747,-169.424,-98.384,-29.681,24.326,-50.081,-8.098,-15.08,-7.677,2.361,-12.502,13.29
158.90907,24.689,-156.685,-104.734,-55.262,40.404,-78.305,1.112,-11.028,-7.444,3.306,2.97,15.937
158.98676,20.045,41.287,-180.931,191.81,52.07,-64.524,-58.42,50.461,10.166,-21.403,14.448,-2.363
