start,0,1,2,3,4,5,6,7,8,9,10,11
0.0,16.744,30.015,65.262,-26.488,25.031,-6.331,-14.369,7.214,-26.398,-4.743,12.002,2.607
0.17964,19.469,42.409,87.314,-18.189,15.766,-29.475,-14.87,-1.239,-38.445,-9.457,13.903,13.322
0.5976,22.597,45.247,74.474,11.422,22.623,-31.972,-24.572,2.344,-22.199,4.854,6.988,6.36
0.93447,22.62,72.192,107.222,6.5,45.349,-30.089,-31.007,-10.898,-26.474,-4.346,8.041,5.456
1.13243,29.042,112.122,96.151,-68.26,37.257,20.275,-17.691,-28.227,-15.31,-5.136,-4.723,11.942
1.38735,32.112,58.698,55.659,1.175,40.125,-32.411,-23.295,-8.407,-13.201,6.092,9.569,-1.62
1.51501,33.836,63.533,44.716,-1.464,37.017,-24.704,-35.361,-24.328,-21.627,9.151,2.332,-4.562
1.81687,34.349,41.75,53.707,-24.181,40.978,-27.246,-33.878,-5.826,-15.371,-4.805,5.249,-0.661
1.97361,35.838,41.277,42.545,-29.903,25.904,-28.02,-20.756,-4.173,-13.625,-1.182,1.728,0.838
2.21088,36.979,32.144,52.831,-7.236,37.85,-34.003,-36.141,-8.907,-21.007,-6.594,-8.871,6.557
2.47837,36.669,14.169,54.619,-8.516,35.291,-29.055,-20.551,-0.752,-30.582,-4.328,8.146,6.894
3.25147,37.274,26.308,61.517,-21.047,33.046,-35.397,-30.273,-13.437,-22.051,-3.44,1.664,11.206
3.91841,39.166,26.734,59.886,-9.161,36.961,-26.926,-33.425,-4.012,-30.128,-13.687,4.294,6.456
4.19093,38.917,28.466,65.97,-3.323,37.144,-20.024,-33.16,-8.936,-37.325,-12.541,-6.077,4.194
4.73664,37.674,-27.318,-0.359,-16.501,24.72,-8.711,-30.345,-37.813,-24.527,4.85,-38.895,18.221
6.17837,33.942,-190.37,-68.322,-54.779,26.87,-46.244,-40.011,-0.59,-0.221,-1.586,-10.138,5.153
7.52776,31.231,-203.273,-96.768,-74.959,13.401,-39.56,-16.51,-2.296,-3.143,16.634,9.895,-2.479
7.59401,32.183,-210.812,-97.632,-68.526,9.979,-45.437,-21.655,8.641,4.485,1.403,-4.31,-1.846
8.25243,32.201,-120.029,-67.422,-24.895,-20.859,-29.281,-23.163,5.44,-1.112,-9.492,-5.133,7.652
8.86,30.133,-110.154,-48.067,-21.878,-19.669,-35.817,-9.106,9.2,-8.584,-10.274,-0.619,15.867
9.26345,30.325,-93.605,-62.999,-54.664,-5.508,-43.901,-13.648,-4.811,-13.259,-0.943,-1.272,7.719
9.67093,29.547,-104.465,-73.459,-54.494,-6.987,-34.776,-18.217,-1.97,-17.19,-6.12,-0.676,-0.698
9.99787,29.002,-103.709,-52.176,-36.636,-12.668,-26.734,-6.088,-0.234,-18.443,-12.204,-9.139,8.066
10.27297,31.7,-232.721,-78.321,-67.946,35.948,-44.523,-24.61,-2.563,5.795,-2.89,7.552,6.837
10.49574,31.664,-222.631,-70.314,-79.175,34.608,-47.015,-30.054,1.279,12.301,-11.008,5.007,8.823
10.60113,32.783,-216.618,-69.105,-61.246,25.316,-33.191,-33.717,-5.858,16.915,-14.243,-6.329,11.801
10.96558,32.132,-213.467,-66.136,-64.538,25.366,-42.174,-37.578,6.888,14.041,-12.387,5.132,6.886
11.23719,32.673,-148.365,-57.844,-17.567,8.831,-65.606,-47.311,-12.049,-2.096,12.08,-2.695,18.969
11.49565,30.915,-160.054,-46.748,-43.761,-0.69,-34.962,-41.812,-17.534,-1.791,-2.705,-0.109,4.657
11.59696,32.851,-193.479,-47.62,-84.074,13.958,-25.832,-30.914,-27.84,1.953,11.24,7.724,5.457
11.83497,36.025,-174.515,-53.712,-31.799,4.818,-46.55,-44.617,-12.931,4.32,1.143,3.804,9.088
12.45773,36.119,-136.052,-36.282,-46.288,-1.307,-46.917,-44.695,3.048,-1.527,-5.893,13.098,8.426
13.01333,39.717,-85.308,-51.142,-48.243,-19.214,-25.468,-14.879,-4.97,-11.694,-10.382,3.564,7.613
13.25823,39.48,-71.864,-46.071,-60.2,-16.206,-36.038,-16.122,9.397,-8.668,-3.475,2.298,10.553
14.40689,39.248,-23.448,-6.402,-17.306,-10.223,-38.103,-20.448,-2.913,-5.869,-0.889,-4.124,3.486
14.84966,38.621,-19.977,10.447,-17.912,3.404,-38.977,-6.583,7.534,-14.411,2.393,-1.417,9.259
15.12204,39.464,23.27,2.347,-5.335,-16.096,12.328,-4.205,-2.977,4.322,-32.32,-30.228,12.351
15.52943,37.44,-33.946,4.749,-35.997,-19.076,-37.281,-3.292,-8.078,-11.323,2.01,6.464,12.246
15.74961,39.451,-124.539,-43.839,-53.406,-3.412,-38.991,-38.88,-16.686,-11.425,-6.401,-1.066,1.413
16.15084,39.125,-106.681,-47.353,-27.919,-5.801,-16.159,-46.815,-2.689,3.679,-18.837,-4.721,4.899
16.46317,37.133,-95.694,-45.892,-12.595,1.533,-3.746,-35.468,-23.496,-3.704,-27.49,-17.599,16.048
17.09483,34.171,-181.607,-59.653,-45.843,15.167,-28.89,-36.873,-6.1,-4.259,4.409,0.668,3.056
17.77624,33.814,-159.479,-52.898,-34.362,6.025,-21.874,-41.051,-7.652,0.747,-21.29,-2.936,0.98
18.33728,31.545,-160.024,-57.357,-33.781,-2.268,-39.934,-30.306,4.647,0.714,-6.631,1.089,8.182
20.77964,27.086,-113.286,-18.561,-23.852,-6.979,-40.591,8.562,2.257,7.548,-13.158,-4.468,9.609
21.00399,27.795,-104.824,-17.697,-19.402,-18.139,-28.954,5.7,-8.257,-3.42,0.153,0.839,8.783
21.21315,31.272,-242.904,-64.569,-67.334,22.399,-38.252,-27.663,1.263,6.661,7.001,10.317,6.271
21.7063,32.683,-231.853,-59.785,-61.033,10.083,-38.568,-35.368,-13.129,13.165,-1.655,11.417,1.653
21.8444,33.78,-200.087,-59.698,-42.367,9.279,-38.399,-40.763,0.819,3.927,-12.71,16.661,-4.587
22.26975,34.627,-117.363,-39.985,-32.885,20.937,-46.145,-16.478,13.403,-23.976,-10.892,9.356,16.959
22.53347,36.144,-144.338,-21.512,-31.51,38.538,-14.172,-23.807,-16.276,-33.079,6.645,-15.978,18.523
23.58073,33.43,-153.545,-8.32,-31.815,39.242,-34.662,-39.593,-10.54,-19.558,-13.761,12.843,16.848
23.93546,33.783,-172.089,-59.505,-68.437,-7.027,-41.083,-20.015,-4.16,-6.552,5.102,8.203,4.607
24.31338,34.755,-141.65,-54.538,-30.642,-18.947,-35.752,-3.465,11.225,-7.578,-27.994,1.81,21.086
24.57746,34.439,-104.131,-29.149,-67.276,-14.415,-39.785,0.082,15.892,-7.941,3.343,7.558,20.711
24.85215,36.066,-61.615,-30.667,-38.515,-14.033,-40.498,-3.29,9.526,-17.296,-5.141,4.105,10.355
24.95655,38.345,-36.108,-6.655,-66.776,-11.553,-36.631,8.657,12.693,-15.559,-1.917,21.327,11.036
26.00707,43.451,45.168,24.281,-29.46,-14.456,-30.766,7.485,14.138,-25.275,-1.372,4.18,13.289
26.28517,44.847,85.204,40.634,-25.241,11.112,-32.612,10.52,6.805,-7.446,-4.479,1.496,7.96
26.41306,45.983,117.161,45.369,-3.243,16.156,-38.229,6.136,9.67,8.813,4.502,1.175,10.443
26.64467,48.886,91.44,-16.277,-17.513,20.283,6.544,-16.666,10.372,-24.744,13.86,-9.194,-13.174
27.01601,49.914,140.238,-29.074,67.255,5.63,-62.204,-17.768,-9.441,-30.133,2.696,-17.089,3.474
27.17868,45.266,123.942,-57.567,-25.931,29.71,-37.417,-8.778,-11.964,-37.571,-3.35,4.826,-13.671
27.36422,45.476,113.177,-48.041,-41.81,45.732,-60.514,-12.66,-20.085,-47.476,32.697,-12.971,-10.222
27.52649,47.746,74.295,-70.638,17.166,17.388,-94.696,-4.762,14.873,-40.337,0.499,9.615,-10.658
27.69501,48.602,148.914,-31.317,93.218,38.377,-42.844,-11.168,1.45,-33.589,6.105,2.921,15.211
28.04308,46.631,63.689,-80.525,35.907,35.461,-105.425,-27.779,11.986,-14.492,-7.398,-5.746,-15.284
28.2181,41.238,137.287,-49.106,-23.816,69.679,-69.688,-38.887,-23.856,-41.075,14.15,-6.873,-2.659
28.38621,47.441,169.344,0.573,109.603,51.818,-78.479,-46.651,-5.305,-28.651,-1.381,-22.934,17.801
28.55474,40.155,155.279,-49.192,-5.32,83.401,-72.159,-26.052,-42.171,-24.308,19.53,-3.452,-5.287
28.65342,41.269,165.737,-22.829,-33.662,66.578,-71.901,-33.11,-9.649,-30.788,8.615,-12.723,4.24
28.89147,45.994,88.591,-85.167,59.709,32.211,-73.254,-17.451,38.815,-29.6,16.731,17.866,-16.194
29.06562,46.837,184.871,23.899,118.483,63.648,-51.415,-28.158,-3.399,-28.87,-0.25,-12.511,11.028
29.23991,40.318,174.001,-6.26,-5.37,86.758,-71.657,7.906,-22.919,-35.952,21.412,-3.825,5.731
29.41392,47.107,46.311,-100.231,24.525,25.688,-108.469,-19.768,-2.312,-21.853,-0.276,-13.002,3.209
29.58327,43.826,81.318,-123.625,-46.945,38.144,-71.377,-3.207,-29.725,-27.894,15.961,-6.327,12.032
29.75134,49.774,123.187,-60.886,74.571,7.293,-61.824,-4.14,-12.221,-18.297,5.558,-19.493,20.759
29.92635,43.016,92.192,-109.971,-19.083,49.917,-82.567,8.037,-30.46,-15.305,23.145,-10.764,12.464
30.00304,43.514,114.813,-86.487,-38.906,42.909,-30.877,16.759,2.277,-9.083,-15.667,12.995,-1.062
30.25995,46.839,65.627,-90.245,33.775,27.985,-95.196,-6.302,20.956,-25.564,9.848,8.994,-9.634
30.43506,48.845,150.901,-20.871,99.954,26.019,-68.58,-3.959,-6.437,-24.202,1.935,-25.505,5.755
30.60984,42.119,138.934,-54.185,-13.671,53.282,-89.102,17.757,-9.902,-31.816,25.46,-4.382,-3.617
30.7781,46.315,66.473,-90.156,52.07,27.436,-105.292,-16.133,23.533,-17.929,-5.966,-4.804,-7.929
30.95211,40.514,140.972,-70.561,-18.611,58.453,-78.825,8.76,-25.167,-22.9,23.505,-12.713,5.776
31.12023,47.982,156.805,-26.838,104.266,27.806,-75.972,-24.301,-4.9,-19.889,1.74,-29.475,16.954
31.29474,40.583,139.412,-72.239,-14.203,44.198,-81.098,18.331,-32.349,-34.442,30.746,-13.227,15.328
31.38753,41.659,160.49,-56.499,-29.3,35.551,-73.522,11.745,2.725,-24.935,14.691,-16.332,14.211
31.6312,45.505,82.427,-104.177,61.064,25.418,-107.976,-23.418,44.45,-14.444,3.698,-2.524,-6.679
31.80549,46.917,176.507,-34.994,110.852,36.256,-94.647,-31.324,13.121,-21.738,-0.754,-20.045,13.287
32.14821,45.531,62.476,-101.924,50.702,33.452,-119.5,-33.748,19.415,-5.848,-8.192,-7.39,-10.479
32.32222,40.182,136.502,-54.714,-11.606,92.182,-82.848,-36.625,-23.521,-16.971,23.365,-13.362,-0.813
32.48494,47.115,171.765,-3.876,117.702,57.468,-53.659,-53.149,-5.606,-26.382,3.011,-13.272,16.78
32.65923,39.657,162.558,-52.767,-8.549,81.32,-71.277,-51.925,-37.283,-36.328,21.608,0.318,-12.957
32.7576,40.45,176.843,-19.375,-27.455,75.334,-71.788,-28.501,-10.288,-24.746,11.74,-14.771,9.788
32.99578,44.936,95.071,-105.722,67.035,36.157,-94.326,-24.389,52.23,-14.973,16.633,11.776,-10.201
33.16413,45.447,193.485,-3.657,132.726,70.252,-24.91,-25.618,16.554,-18.795,4.783,21.056,4.551
33.44844,41.035,112.359,-46.686,-87.398,78.514,-13.22,-15.847,-55.096,-33.44,46.858,-65.467,16.068
33.6873,43.051,76.227,-138.211,-39.662,55.658,-76.571,-40.409,-25.502,-15.818,22.502,-9.125,6.099
33.8542,49.214,124.346,-70.12,86.65,13.117,-64.757,-37.71,-8.1,-21.028,3.243,-31.93,19.423
34.0288,42.128,92.41,-120.961,-28.274,55.576,-78.423,-42.362,-42.399,-31.806,25.327,-9.017,9.125
34.1215,42.973,119.343,-95.7,-47.892,48.46,-75.021,-51.183,-7.78,-22.016,6.237,-7.781,6.65
34.36562,46.172,62.224,-113.8,44.473,39.9,-105.165,-31.105,24.512,-9.701,10.613,-3.164,-0.324
34.53896,48.348,152.979,-30.317,104.56,31.792,-70.694,-38.883,-3.009,-31.746,-0.991,-35.083,20.869
34.70744,40.627,136.288,-98.362,-34.432,64.086,-80.048,-46.327,-30.072,-22.949,17.106,8.653,5.697
34.88286,45.707,59.802,-105.068,47.493,34.099,-114.803,-37.448,13.715,-8.788,-9.028,-3.494,-5.526
35.05637,40.338,126.919,-72.655,-14.288,92.7,-74.063,-68.356,-23.09,-27.018,19.663,-7.015,9.692
35.22476,46.785,173.022,-15.499,116.373,49.506,-88.303,-61.422,11.493,-30.377,-0.886,-16.661,25.076
35.49166,40.084,188.718,-12.189,-26.274,68.384,-71.07,-27.636,-12.679,-38.139,7.842,-10.393,20.299
35.72943,45.258,86.333,-106.336,63.533,39.418,-80.501,-33.086,40.559,-18.812,17.808,17.424,-0.301
35.90395,46.323,190.537,11.571,132.142,59.648,-54.817,-48.818,7.126,-30.029,-7.577,-19.889,17.64
36.07805,38.759,184.201,-22.003,-12.87,102.373,-74.156,-49.676,-30.655,-37.09,23.584,11.218,13.936
36.2458,44.935,82.849,-99.127,76.662,29.386,-104.062,-38.198,43.107,-6.708,-5.609,5.75,-14.05
36.42045,37.452,196.205,-35.78,2.034,83.332,-69.452,-31.439,-21.645,-31.786,17.59,-2.406,10.683
36.58884,45.982,197.847,21.487,138.587,62.459,-62.382,-56.951,9.65,-34.926,-7.526,-13.119,27.752
36.76299,36.895,196.099,-28.87,10.4,91.086,-69.469,-55.471,-45.748,-41.321,20.178,-7.492,4.164
36.85619,38.958,156.603,2.403,2.606,93.137,-62.053,-43.883,-43.162,-50.007,12.506,-6.202,9.785
36.93143,41.232,177.931,20.997,-12.688,81.512,-50.67,-13.408,-20.988,-56.994,11.616,-2.28,15.827
37.09977,46.288,84.03,-70.666,48.518,34.384,-97.249,0.925,34.399,-29.45,9.551,9.226,-7.723
37.26766,46.948,192.313,48.413,119.702,60.004,-30.04,-6.264,-4.89,-33.618,-4.906,7.2,-1.244
37.44803,41.654,155.163,40.91,36.874,66.001,-60.942,6.585,-20.362,-64.053,15.958,-16.093,-6.221
37.55238,44.137,129.358,27.328,-98.225,32.108,-10.26,5.364,-54.723,-60.645,32.128,-30.23,1.394
37.78966,48.285,84.576,-33.2,-25.623,-3.637,-70.126,-37.653,-24.829,-31.882,11.41,1.36,-27.488
37.95746,50.196,135.586,-26.578,64.459,4.523,-78.298,-19.594,-7.584,-32.441,1.366,-12.924,4.266
38.46875,49.271,59.138,-29.783,14.569,12.649,-91.481,5.994,5.243,-46.397,2.015,4.816,-12.848
38.64404,50.697,132.116,20.285,70.505,26.318,-80.018,15.309,-30.326,-37.703,-1.684,-15.366,19.479
38.81161,46.255,113.645,6.273,6.115,32.351,-81.438,33.63,-12.397,-63.776,1.942,5.88,1.83
38.98707,47.775,73.935,-33.472,24.91,38.76,-103.326,-17.152,17.732,-24.749,-10.747,-2.86,-18.772
39.32884,48.485,154.849,24.055,92.526,54.925,-85.869,-39.438,-18.344,-26.341,-0.265,-18.523,13.191
39.49683,42.527,176.959,0.844,-0.378,70.151,-65.679,-15.831,-7.419,-38.993,14.948,-0.345,-14.834
39.83388,46.436,87.717,-71.928,42.716,21.426,-87.593,-17.503,37.438,-33.966,9.006,11.79,-17.87
40.00259,47.032,174.102,24.323,112.997,72.967,-20.182,-30.036,-13.374,-28.77,-4.592,7.69,6.025
40.18209,41.746,157.458,16.479,-4.813,87.444,-69.797,-13.084,-20.625,-55.829,17.927,7.154,-2.773
40.35007,47.394,42.988,-103.032,35.459,18.077,-101.035,-23.572,7.717,-22.59,-1.891,-1.217,-5.702
40.52608,44.348,89.584,-87.171,-34.881,21.074,-68.459,7.746,-20.716,-55.678,11.205,-14.334,3.153
40.69392,49.458,129.343,-49.781,78.235,4.537,-72.667,-1.3,-16.38,-25.76,3.013,-25.918,21.504
40.86717,43.713,98.752,-74.571,-18.132,32.576,-84.29,15.82,-32.199,-43.221,19.327,-11.015,3.091
40.9361,44.581,106.405,-61.765,-41.036,33.001,-25.388,22.792,9.512,-30.859,-24.309,9.015,-8.602
41.20086,47.568,68.114,-77.75,33.028,16.512,-58.664,0.738,18.763,-43.957,9.874,15.933,-9.576
41.36993,49.455,136.457,-32.053,85.228,17.446,-44.803,6.873,-12.646,-24.538,2.932,-12.848,4.268
41.5449,43.582,121.569,-61.271,-16.737,32.042,-76.071,15.768,-13.648,-51.139,11.726,4.203,-9.58
41.72073,46.799,60.551,-76.126,34.861,9.6,-108.661,-14.033,14.939,-37.344,-13.431,-5.703,-14.902
41.88898,41.986,134.002,-55.909,-10.208,32.959,-70.568,19.603,-21.942,-47.99,7.731,-14.042,-4.311
42.06299,47.838,161.822,-16.866,98.736,22.099,-86.662,-15.284,-3.663,-25.692,-1.5,-28.176,14.094
42.23156,41.468,176.163,-55.066,-26.019,48.705,-65.964,10.814,-9.026,-30.315,25.015,-10.725,-3.711
42.56789,45.677,82.926,-104.286,58.357,28.634,-84.019,-24.392,39.873,-25.856,14.297,5.925,-6.506
42.74086,47.189,175.548,-23.718,120.082,25.765,-59.447,-23.933,13.763,-27.963,-2.022,-23.19,15.863
42.91615,39.219,177.007,-72.866,-33.245,50.835,-89.445,-2.179,-29.753,-14.649,31.765,-0.462,-6.859
43.08485,45.717,67.972,-97.939,64.433,36.053,-106.254,-32.152,23.053,-2.132,1.543,-1.639,-17.175
43.25887,39.965,142.803,-68.604,-16.377,85.353,-74.674,-32.015,-30.089,-15.754,22.584,-10.961,-3.264
43.4283,47.373,160.862,-11.143,114.204,51.331,-64.333,-58.718,-2.971,-22.755,-0.511,-25.267,9.43
43.60122,38.248,169.81,-67.698,10.567,69.813,-82.793,-48.396,-28.489,-27.217,21.528,-8.458,-4.317
43.69415,39.898,186.917,-27.742,-20.985,70.118,-71.498,-25.467,-6.154,-17.013,12.8,-12.671,2.203
43.938,45.0,90.414,-107.193,62.869,36.401,-105.334,-37.594,46.4,-9.218,9.752,2.387,-14.78
44.10653,46.331,185.181,11.635,132.562,68.86,-31.395,-43.91,5.704,-25.955,-2.48,-12.25,7.257
44.28617,37.947,190.352,-41.33,-18.082,84.433,-92.215,-39.977,-26.596,-23.659,27.419,1.981,6.26
44.45447,47.174,25.759,-98.244,18.7,55.175,-103.908,-47.038,-20.265,-13.457,4.313,-8.67,-0.583
44.62921,44.603,39.711,-118.087,-38.914,92.328,-78.551,-55.747,-28.537,-14.116,22.493,-12.606,8.307
44.79782,49.19,118.411,-62.798,82.44,20.052,-74.484,-50.685,-10.464,-28.678,-0.979,-29.908,18.686
44.97111,41.019,120.565,-119.41,-28.427,39.132,-93.804,-31.578,-28.852,-26.475,24.204,-9.694,-0.083
45.06404,42.276,138.929,-94.464,-55.715,26.059,-76.554,-22.651,-9.229,-23.444,14.816,-16.655,4.958
45.30345,45.604,81.324,-117.331,55.17,29.683,-82.942,-28.599,39.136,-15.939,14.065,8.476,-4.215
45.47143,47.858,146.789,-61.037,96.37,25.531,-1.869,-13.838,5.244,-19.254,8.157,8.731,0.72
45.65202,40.962,137.153,-104.628,-42.976,48.542,-79.191,-23.932,-32.19,-27.451,25.278,3.88,8.524
45.82467,45.755,55.043,-109.108,43.715,34.566,-120.591,-40.278,13.954,-4.469,-8.203,-12.052,-8.921
45.99274,39.58,146.743,-93.46,-18.161,65.557,-72.265,-39.456,-23.146,-27.577,12.824,-0.293,18.198
46.1615,47.02,169.232,-10.627,110.075,48.944,-57.954,-56.543,-5.227,-30.283,-4.81,-16.499,24.916
46.33574,38.894,155.092,-75.142,-3.353,75.316,-77.979,-41.518,-40.426,-19.593,25.518,-9.531,3.458
46.42785,40.197,182.547,-45.817,-29.183,52.405,-72.049,-26.582,-14.538,-26.003,4.518,-4.62,8.904
46.67247,45.213,85.19,-116.112,58.935,34.757,-100.673,-34.668,43.552,-15.268,10.016,1.518,-3.686
46.8405,45.594,190.96,-21.232,129.038,60.844,-41.391,-35.127,19.264,-18.973,-2.038,10.789,9.277
47.19451,38.022,191.411,-49.069,-18.768,76.817,-88.835,-37.855,-25.059,-21.142,29.614,-5.594,0.799
47.36295,38.156,171.495,-59.796,-8.262,80.026,-73.596,-47.667,-19.727,-33.606,17.921,-5.501,15.489
47.53116,46.262,178.585,-7.877,120.621,42.972,-69.344,-51.781,5.569,-34.678,-4.119,-25.904,17.977
47.7054,37.516,182.086,-69.177,-5.665,66.34,-84.141,-32.072,-32.547,-31.04,24.601,-8.745,10.508
47.79837,38.073,174.023,-51.316,-0.188,58.351,-85.959,-48.781,-30.669,-21.821,23.533,-5.65,0.211
47.87392,42.13,177.955,16.279,-10.72,69.079,-47.788,21.423,-22.935,-54.599,32.325,0.292,-3.188
48.04195,42.14,149.785,13.011,20.222,70.011,-93.038,20.977,3.775,-55.365,-5.541,-12.096,5.212
48.20467,46.667,158.281,57.371,121.154,58.689,-5.395,0.087,-42.034,-13.724,-12.835,21.708,3.896
48.55841,50.607,70.161,-34.797,-8.773,4.469,-69.643,-26.452,3.544,-19.998,-5.004,-6.506,-10.675
48.90095,50.964,118.266,-23.683,51.373,4.621,-66.294,-31.03,-25.119,-33.55,4.64,-23.859,8.078
49.0693,47.212,114.821,-38.365,-23.606,38.081,-57.783,-6.138,-0.365,-41.145,11.7,1.807,9.848
49.4122,48.324,74.04,-63.518,2.923,18.325,-98.655,-8.855,14.801,-30.548,-2.367,-3.71,2.641
49.58077,49.81,142.155,-17.232,79.616,38.1,-71.089,-17.153,-3.744,-30.748,8.686,-3.374,19.712
49.92313,47.795,77.548,-65.012,28.379,24.819,-96.158,-30.174,21.87,-5.44,-2.465,6.71,1.973
50.09669,44.351,125.764,-23.032,-6.099,65.293,-62.461,-18.783,-10.95,-37.292,16.968,-1.005,38.242
50.26571,48.79,156.826,3.414,90.966,57.91,-77.835,-40.154,0.894,-31.411,5.667,-4.412,28.886
50.60785,43.885,164.679,16.873,-3.717,78.775,-44.149,-9.682,-10.815,-33.611,22.145,-4.185,36.251
50.77633,47.632,89.383,-57.249,21.14,27.318,-98.474,-6.484,21.977,-24.534,5.398,15.727,4.469
50.94467,47.909,172.957,15.748,113.939,59.56,-38.359,-37.308,3.915,-27.821,-1.877,-4.112,20.192
51.11882,42.246,163.835,20.557,0.589,91.738,-57.248,2.692,-18.357,-39.22,21.054,10.249,26.835
51.29311,48.538,58.366,-81.453,3.138,14.795,-98.04,-18.489,0.285,-13.435,0.506,-2.007,15.019
51.46816,45.656,82.09,-103.028,-45.868,30.234,-76.343,-1.373,-12.444,-19.194,21.899,-9.98,38.228
51.63111,50.368,119.231,-71.766,68.168,8.264,-59.19,-12.334,-0.748,-15.858,12.19,-2.764,12.693
51.90299,45.479,117.423,-57.755,-40.154,30.558,-77.857,12.696,9.505,-17.512,11.603,-11.829,26.031
52.14522,47.66,80.713,-85.07,18.843,18.581,-106.876,-11.424,28.98,-16.593,-0.751,1.255,6.609
52.32014,49.092,150.587,-24.402,88.039,29.042,-95.359,-12.754,8.014,-22.621,2.886,-21.489,8.822
52.65728,47.177,88.72,-81.658,40.602,10.785,-91.193,-24.308,37.964,-8.913,-2.228,3.767,1.06
52.83692,42.434,147.203,-44.132,-37.257,47.824,-76.993,15.389,-21.21,-8.084,33.19,-15.506,13.39
52.99909,48.513,158.903,-25.109,104.283,23.821,-67.862,-25.931,10.969,-19.327,3.07,-20.315,16.716
53.17374,42.753,172.01,-47.111,-32.912,48.18,-67.577,13.621,-5.285,-16.897,30.091,-4.101,12.164
53.51048,46.372,101.958,-97.798,41.473,16.351,-98.8,-27.468,42.348,-8.374,4.264,7.429,-3.788
53.68413,48.059,167.367,-25.212,113.463,25.663,-72.762,-30.226,16.167,-19.53,0.14,-29.376,8.275
53.85868,40.632,173.092,-43.724,-42.923,44.478,-82.788,11.486,-30.791,-26.415,32.216,-1.69,10.674
54.02617,46.732,83.468,-86.27,33.887,29.045,-104.784,-42.143,26.734,4.344,-2.154,0.653,-3.642
54.20113,41.816,150.96,-46.874,-27.293,72.317,-73.643,-37.864,-26.272,-14.188,21.948,-5.254,15.446
54.36971,48.21,154.06,1.165,97.427,50.813,-77.472,-53.924,-10.961,-22.88,2.612,-21.316,14.08
54.54367,41.348,143.614,-45.72,-17.635,82.893,-82.713,-42.723,-30.926,-25.334,24.198,-1.04,7.947
54.63646,42.171,172.98,-18.798,-25.455,61.479,-79.996,-29.814,1.588,-24.591,2.43,-2.394,19.352
54.88027,46.086,105.679,-91.418,41.867,22.021,-106.932,-32.759,49.663,-11.803,2.213,4.135,6.719
55.04875,47.253,182.696,11.026,122.701,55.96,-50.73,-49.135,12.961,-25.508,-0.569,-13.792,10.775
55.22281,39.966,187.481,-20.573,-23.004,70.075,-66.158,-11.498,-32.129,-27.938,25.755,3.389,12.898
55.39705,47.586,61.411,-110.585,8.932,13.059,-109.938,-44.958,9.218,2.487,-2.717,-4.764,-0.609
55.56939,44.415,90.127,-117.732,-52.85,39.008,-75.337,-40.959,-14.893,-9.949,27.538,-13.764,14.074
55.73351,49.75,127.216,-66.658,82.565,5.124,-60.509,-34.221,1.092,-18.722,2.782,-16.894,11.373
55.90794,42.078,111.63,-124.676,-34.622,41.549,-76.09,-49.044,-39.781,-16.85,26.529,-4.163,5.839
55.99982,44.576,120.144,-76.661,-45.348,40.922,-67.963,-37.143,-1.428,-25.768,9.614,3.201,20.359
56.24444,46.914,85.082,-106.836,27.295,26.336,-95.452,-37.602,26.308,-9.63,7.473,11.934,1.72
56.41918,48.765,151.465,-33.822,101.849,32.26,-65.085,-43.513,3.9,-23.702,0.644,-24.156,14.542
56.59288,42.099,134.458,-65.53,-49.575,66.677,-75.657,-35.873,-33.586,-24.508,28.319,0.356,5.081
56.7615,46.481,88.696,-98.121,34.028,18.012,-104.411,-52.409,28.108,0.791,-7.06,4.72,-2.914
56.93592,41.288,158.187,-50.102,-29.533,75.067,-63.683,-55.347,-26.052,-14.964,24.402,-3.804,7.45
57.10372,47.476,171.12,-1.901,114.548,46.545,-69.652,-56.581,9.353,-26.415,-2.697,-21.69,24.503
57.27782,39.759,168.579,-61.308,-10.772,60.004,-86.441,-28.071,-29.364,-18.064,27.547,-3.564,5.563
57.37066,41.535,186.751,-19.673,-24.553,49.16,-80.803,-15.07,2.11,-16.078,7.712,-3.572,10.619
57.61442,45.789,110.674,-95.69,47.543,19.446,-105.344,-38.7,52.596,-8.698,4.095,8.136,-2.856
57.78308,47.114,184.776,4.134,125.515,53.904,-42.55,-40.758,17.435,-22.725,4.555,-10.921,4.298
57.95692,39.603,192.263,-20.906,-32.798,66.195,-68.985,-13.874,-44.488,-29.728,21.676,6.916,5.771
58.13111,45.561,102.813,-99.84,49.908,18.633,-116.028,-53.687,45.895,12.651,-10.807,-0.243,-8.455
58.30531,38.715,214.441,-25.335,-16.233,53.519,-76.477,-24.791,-17.183,-22.451,21.304,-5.21,20.965
58.47374,46.888,183.871,9.664,123.314,47.383,-85.047,-58.273,17.938,-20.33,-5.492,-23.621,12.925
58.64195,37.802,215.593,-35.524,1.986,53.881,-75.687,-2.372,-34.382,-20.243,19.585,-4.757,15.599
58.73483,40.405,215.013,5.069,-11.851,62.669,-72.07,-3.878,-5.095,-23.877,7.181,5.102,11.469
58.97868,45.628,109.09,-100.696,49.032,23.89,-88.571,-34.381,55.754,-7.924,15.272,13.863,-3.316
59.15315,47.176,187.28,2.636,130.885,45.887,-59.783,-35.555,24.488,-18.873,1.954,-25.333,4.636
59.32707,39.705,195.843,-28.457,-32.911,55.503,-74.209,9.553,-33.412,-19.537,36.302,-4.521,-5.946
59.4951,48.305,67.359,-88.958,12.8,26.484,-91.831,-39.092,16.33,-6.896,5.021,4.921,4.874
59.8366,50.084,118.778,-64.297,78.834,11.569,-68.932,-40.692,-3.395,-23.364,4.964,-22.473,22.154
60.01138,45.409,128.103,-63.032,-26.673,42.75,-70.392,3.107,5.441,-31.59,17.619,-2.471,33.234
60.34898,47.077,85.22,-97.662,28.043,21.43,-97.466,-32.663,30.757,-14.287,4.675,3.538,4.885
60.52349,49.388,140.53,-36.281,81.868,31.275,-80.285,-25.632,3.792,-25.775,3.049,-15.123,23.166
60.86662,47.573,76.123,-70.603,23.858,29.514,-103.276,-30.042,16.614,-0.498,-3.644,-3.032,-0.654
61.03351,44.621,122.561,-29.228,-0.725,64.323,-57.206,7.897,-6.812,-20.104,16.34,1.098,17.532
61.2078,48.714,157.572,-13.206,82.801,37.623,-89.347,-24.991,1.989,-21.803,6.264,-9.707,16.185
61.55025,44.253,163.436,-4.997,-10.783,51.408,-58.273,24.273,-3.476,-22.232,22.653,-16.029,27.542
61.7195,47.335,90.38,-66.566,20.032,25.267,-104.454,-11.141,25.849,-19.601,2.394,3.214,2.278
61.89279,48.409,161.342,-7.03,97.145,27.929,-82.06,-9.83,5.283,-19.216,0.999,-31.144,8.489
62.059,43.199,149.03,-9.793,-6.143,63.752,-67.249,25.767,-13.257,-33.318,22.234,-1.536,17.097
62.23537,48.115,73.44,-84.642,1.645,14.123,-106.53,-23.118,19.921,-7.888,-4.062,-2.853,11.148
62.57215,49.885,129.142,-45.68,76.753,9.458,-66.652,-9.53,-7.224,-17.046,10.924,-18.487,13.111
62.7463,43.576,108.788,-88.06,-24.554,38.499,-81.507,8.841,-29.965,-10.86,28.354,-2.687,6.368
62.83946,44.826,129.474,-61.047,-41.571,31.685,-74.78,10.831,2.129,-15.419,10.593,-6.211,15.691
63.08372,47.686,82.512,-72.44,21.513,24.511,-89.106,-8.972,25.579,-20.415,9.339,6.451,10.053
63.25773,49.34,143.582,-41.366,82.428,20.72,-77.134,-6.797,4.169,-20.693,6.014,-18.713,9.1
63.53624,44.521,103.206,-52.662,-51.444,28.343,-37.143,13.511,8.923,-24.881,19.921,-48.325,17.445
63.77356,42.462,147.95,-64.14,-39.097,36.833,-74.458,11.281,-23.375,-10.543,29.692,-11.127,13.472
63.94181,48.607,148.724,-35.967,94.326,14.436,-81.112,-22.001,6.603,-17.346,5.308,-26.509,16.746
64.11628,42.786,173.531,-52.035,-32.733,42.467,-76.159,11.68,3.296,-15.416,24.537,-4.788,13.125
64.44703,46.311,100.349,-96.72,45.9,22.079,-72.675,-24.975,44.464,-15.061,14.255,21.741,4.066
64.6273,47.968,166.243,-32.469,99.418,28.769,-94.197,-29.015,15.514,-16.909,0.837,-17.045,5.918
64.96993,46.971,79.558,-87.534,26.017,22.965,-110.762,-34.235,17.84,7.392,-4.808,-4.465,-2.194
65.14354,42.741,130.887,-63.47,-28.705,65.921,-75.112,-29.559,-11.076,-6.348,31.641,-11.864,4.688
65.29891,48.288,151.714,-40.194,96.738,23.453,-17.974,-20.741,11.087,-13.696,1.895,11.21,7.624
65.48136,41.041,140.636,-89.533,-19.755,40.101,-74.283,-2.523,-36.343,-18.64,29.782,-5.131,18.272
65.55565,42.628,150.376,-61.962,-32.502,43.979,-18.725,-2.418,10.568,-11.671,0.402,14.392,6.219
65.74721,41.476,145.55,-54.524,-6.158,29.738,-86.579,-10.332,-9.279,-8.18,6.909,-4.513,19.528
65.81678,46.973,90.963,-88.16,28.12,28.985,-92.176,-26.738,26.582,-10.071,11.767,15.67,-7.281
65.99102,48.291,163.352,-28.401,97.576,34.622,-80.545,-24.401,8.294,-20.281,3.233,-6.868,7.303
66.33365,48.286,54.231,-87.296,2.775,37.954,-93.829,-51.641,-6.495,-2.299,8.047,3.022,-2.288
66.49751,46.142,62.087,-98.334,-50.617,72.615,-44.976,-51.532,-35.359,-2.499,1.349,13.544,-0.774
66.6766,50.876,104.531,-52.082,61.018,23.48,-75.538,-52.883,-22.989,-21.759,7.858,-14.618,16.158
66.8502,46.57,110.679,-67.799,-48.803,35.635,-60.493,-32.165,-16.675,-32.267,17.946,-7.369,3.337
67.11723,46.585,99.577,-49.194,-48.177,29.58,-39.215,-9.553,-10.314,-26.023,17.3,-39.305,12.668
67.36104,50.359,126.575,-29.235,65.55,19.108,-74.347,-23.722,-16.793,-20.203,7.752,-23.934,3.971
67.52857,46.19,106.331,-49.289,-39.357,36.648,-57.242,-21.252,-24.269,-27.587,16.176,6.17,-11.442
67.70336,48.705,71.19,-53.739,1.474,14.824,-98.14,-25.304,0.426,-15.807,-4.38,0.357,-5.621
67.87778,46.54,98.082,-19.586,-32.096,56.823,-58.531,-22.73,-25.253,-37.935,18.087,-12.989,7.086
68.04603,50.213,128.2,3.83,65.532,39.022,-74.948,-42.097,-28.764,-35.782,1.51,-17.559,20.151
68.22009,46.313,95.598,-17.663,-19.631,46.977,-60.484,-18.252,-34.726,-45.037,14.719,-10.418,17.017
68.30776,46.869,114.068,-19.348,-23.032,54.168,-64.619,-26.317,-3.03,-33.122,-5.943,-1.68,6.028
68.55719,48.923,71.115,-44.854,0.353,30.226,-97.126,-14.722,9.046,-28.309,3.086,0.997,-5.881
68.72472,50.369,141.113,4.156,68.546,50.489,-63.68,-32.527,-15.309,-34.384,6.877,0.01,14.175
68.96889,46.239,82.91,19.918,-27.02,67.522,-25.45,-33.88,-0.395,-31.91,-17.055,8.286,-11.623
69.07338,49.517,84.67,-25.326,-0.416,19.713,-76.9,-36.799,5.248,-13.5,-12.539,-5.145,-3.631
69.41039,50.879,142.422,35.468,61.241,56.977,-61.728,-45.444,-22.265,-34.571,2.995,-0.832,12.834
69.75302,52.127,72.299,78.755,-9.87,80.773,-21.036,13.562,-16.121,-42.999,28.481,10.112,-4.247
69.92689,51.95,43.461,1.684,10.068,39.24,-86.909,9.583,14.354,-38.861,-3.049,-7.442,-3.502
70.08381,51.789,52.891,71.9,42.935,56.893,-12.344,-0.303,11.178,-4.04,-10.183,-25.645,8.8
70.3971,51.024,70.93,52.492,-61.698,27.333,41.796,9.664,30.157,-13.708,-6.134,-35.376,-9.287
70.7737,52.372,110.84,-24.9,56.05,11.556,-60.835,-0.148,-0.601,-11.585,4.961,-9.874,-10.082
71.12231,49.246,86.902,-0.794,-53.99,51.725,-29.918,55.494,-32.43,-34.746,45.442,-26.325,-14.671
71.29179,51.529,42.813,-4.374,21.719,15.673,-83.07,38.238,13.74,-40.475,5.484,-5.98,-12.286
71.4659,50.783,121.215,-14.478,65.432,27.651,-77.472,7.195,-8.09,-16.321,17.593,-28.841,-0.121
71.80771,50.81,52.823,-27.533,12.232,15.201,-79.258,4.474,12.329,-16.292,2.477,-13.664,0.802
72.15039,50.586,117.954,-19.274,61.95,24.291,-89.604,6.798,-7.464,-22.14,18.964,-23.811,15.404
72.4146,46.109,109.134,-18.411,-28.455,33.657,-70.093,40.029,0.915,-27.277,11.365,-19.935,11.523
72.65351,48.457,58.631,-57.69,30.389,25.946,-90.494,11.128,11.412,-36.287,12.804,2.507,-2.694
72.83088,50.583,124.852,-9.817,74.038,41.278,-69.919,12.722,-21.456,-21.001,15.247,-21.822,8.807
73.10821,46.876,65.323,-14.672,-52.892,32.105,-47.969,36.712,-9.465,-30.319,22.948,-30.079,3.805
73.5127,50.747,108.962,-51.402,62.593,-10.284,-70.643,4.34,-14.717,-34.069,5.654,-24.892,12.882
73.68063,45.234,87.491,-77.736,-21.516,0.841,-67.206,24.062,-41.442,-43.665,2.366,-10.032,2.099
73.77732,45.908,105.908,-69.173,-27.075,6.314,-64.924,21.812,4.444,-41.425,7.798,-2.101,3.319
74.02703,47.055,70.163,-99.923,30.213,11.284,-113.625,-19.282,28.521,-30.336,8.68,6.685,-11.42
74.17524,48.164,128.364,-55.697,54.588,17.332,49.865,22.741,18.785,-6.391,-17.887,-7.844,-12.018
74.36785,42.69,135.682,-78.282,-30.567,12.246,-72.557,20.88,-16.601,-28.069,23.749,-4.757,-6.895
74.542,45.648,65.624,-107.238,49.887,0.609,-122.292,-28.822,27.068,-19.907,-6.478,-6.601,-10.978
74.7102,40.461,148.052,-97.899,-23.61,6.093,-66.439,14.864,-23.862,-38.715,21.474,-11.338,2.627
74.88444,48.132,147.544,-47.032,103.414,-1.072,-88.131,-15.895,10.386,-24.665,-3.745,-34.258,7.222
75.05324,39.683,154.705,-111.378,-12.69,2.572,-64.821,6.93,-37.972,-36.342,25.062,-18.342,1.003
75.14558,41.16,152.587,-80.716,-9.502,-4.925,-84.321,11.312,1.932,-29.683,23.034,-2.098,8.948
75.22676,42.778,133.66,-40.425,-22.827,3.061,-56.813,48.556,-25.393,-59.545,29.922,-13.751,-0.581
75.3219,43.99,116.921,-12.137,-31.032,13.243,-92.535,50.804,-1.722,-31.07,25.594,11.381,0.534
75.3956,47.08,72.437,-77.652,23.383,14.915,-111.543,-4.143,28.834,-41.994,5.744,-7.502,-3.391
75.54467,48.783,143.949,-8.494,59.885,17.873,29.234,43.757,17.139,-14.142,-15.326,26.737,-14.145
75.84195,45.39,118.17,-3.385,-64.062,2.277,-47.753,32.641,-9.939,-20.229,22.278,-31.282,-12.84
76.25084,49.631,149.192,-23.168,74.645,6.609,-85.822,-9.643,10.886,-26.229,11.162,-7.284,-13.325
76.68032,43.063,105.847,-34.224,1.372,14.271,-62.519,34.869,-20.998,-24.471,9.294,10.676,-12.919
76.75905,47.051,73.398,-71.443,38.888,14.191,-100.709,-1.766,19.912,-35.408,5.855,1.003,-12.859
76.93365,48.402,159.435,-26.735,101.84,20.386,-84.693,7.654,10.376,-22.176,4.461,-24.202,0.965
77.27764,47.021,32.436,-108.873,23.188,12.753,-114.938,-24.677,-5.432,-22.039,1.403,-6.845,-9.954
77.4449,43.513,72.772,-139.002,-33.484,24.928,-75.648,-16.658,-30.232,-33.743,19.43,-6.019,-8.339
77.61986,49.655,107.503,-80.963,74.668,-5.657,-81.178,-27.319,-10.362,-26.084,5.777,-35.418,11.189
77.78503,42.707,98.563,-132.253,-37.141,22.073,-82.587,-13.98,-37.395,-37.772,21.059,0.083,-5.307
77.88304,43.829,115.666,-101.909,-50.257,13.782,-85.15,-15.893,-4.604,-27.154,6.386,-11.139,5.751
78.12349,46.39,62.414,-130.405,41.472,19.373,-92.123,-26.778,20.833,-31.774,10.965,9.078,-8.153
78.29556,49.195,129.283,-81.205,88.668,-2.584,-61.357,-18.88,4.734,-20.744,2.539,-30.055,6.221
78.47265,42.131,118.119,-116.709,-58.063,19.232,-80.251,-4.83,-36.646,-41.132,27.453,0.381,4.559
78.64059,45.506,60.412,-123.383,63.624,11.647,-111.182,-36.161,24.663,-12.241,-0.424,-3.959,-18.975
78.81324,40.447,124.301,-138.505,-26.797,15.648,-81.546,-11.072,-23.117,-25.39,26.003,-11.874,-3.564
78.98032,48.358,140.871,-70.194,102.975,-1.743,-64.714,-16.235,12.726,-20.803,5.256,-36.315,6.652
79.15678,40.011,150.383,-130.162,-40.933,5.225,-89.619,-10.981,-33.673,-35.178,30.164,2.915,-4.588
79.25388,42.021,149.131,-87.217,-39.714,2.966,-92.503,6.213,1.208,-23.701,4.509,-13.24,14.704
79.49297,44.764,87.867,-132.356,66.051,14.907,-110.026,-38.146,46.548,-17.969,5.832,-2.189,-8.039
79.66844,47.991,156.391,-61.743,115.853,3.478,-70.535,-20.185,21.629,-20.348,-1.658,-43.943,1.61
79.84345,39.826,158.318,-96.628,-57.398,11.444,-89.76,8.047,-38.262,-34.652,32.08,-3.301,0.529
80.0127,44.674,66.037,-125.946,63.246,14.037,-119.757,-38.085,36.434,-18.898,-5.459,-11.183,-9.649
80.18091,38.686,162.81,-122.895,-11.998,11.799,-71.498,0.494,-23.433,-33.26,21.92,-0.469,2.808
80.35456,49.824,95.874,-114.261,64.979,-5.526,-87.097,-35.252,-0.452,-19.392,17.416,-25.861,7.782
80.61864,42.973,73.32,-135.557,-26.487,15.718,-103.038,-24.507,-8.101,-27.46,19.424,-6.724,8.513
80.6951,48.185,65.294,-42.144,-49.426,30.733,-12.661,43.784,-20.123,-55.482,50.856,-21.841,2.847
80.86345,48.851,30.29,-93.48,5.933,17.767,-97.953,11.407,-1.582,-40.577,14.265,-11.972,0.749
81.03279,52.899,99.58,-18.105,38.075,-2.964,-47.096,33.715,-32.993,-29.038,12.041,-3.813,-10.357
81.20617,47.939,64.671,-56.276,43.464,27.178,-72.687,27.31,22.234,-36.132,20.807,-27.33,-19.19
81.38023,53.344,57.857,-3.87,-9.458,6.031,-29.82,5.823,8.966,-15.002,-0.185,-43.501,-6.154
81.65683,49.761,89.1,-30.539,-8.576,1.679,-8.009,-5.842,12.473,-12.43,22.468,-26.67,-3.845
82.16009,52.098,41.592,45.326,-4.133,41.645,-25.41,63.431,13.685,-33.164,34.937,-11.19,-28.198
82.40082,52.813,101.814,33.419,62.532,47.752,-63.007,42.569,-22.412,-20.485,17.991,-31.548,-13.332
82.74395,50.874,46.975,-22.98,19.744,29.376,-76.317,10.579,2.302,-14.607,4.958,-11.868,-11.557
83.08898,50.694,128.891,-8.741,71.892,15.432,-69.885,18.298,-7.699,-18.445,10.67,-23.894,15.405
83.19805,46.6,77.599,-17.341,-42.822,26.794,-27.896,14.899,7.698,-16.959,5.573,-16.437,12.425
83.52807,47.049,50.08,1.482,-15.876,45.552,-74.814,21.839,-7.286,-35.558,26.455,-6.965,-17.681
83.59837,49.216,43.783,-44.492,19.333,32.556,-93.84,8.143,0.539,-40.561,12.639,-4.578,-21.557
83.76671,51.215,113.401,-4.206,67.952,51.529,-55.912,11.33,-26.375,-25.905,11.636,-6.335,-7.065
84.11542,51.51,43.669,-29.125,18.198,15.14,-72.594,13.729,3.222,-25.194,3.807,-19.013,-0.381
84.4571,51.951,99.445,-9.551,46.626,6.363,-75.012,26.062,-29.624,-18.979,17.222,-25.965,-0.498
84.62526,48.394,86.486,-31.673,-10.39,40.866,-76.456,51.332,7.477,-41.92,12.875,-9.436,-11.121
84.95397,48.524,57.39,-59.942,25.635,25.64,-60.05,17.649,5.082,-40.632,4.389,22.987,-23.393
85.12934,50.214,117.327,-32.725,72.529,23.041,-27.227,18.621,-20.535,-18.3,0.877,-8.365,-14.981
85.31161,45.91,91.471,-34.713,-23.617,28.366,-73.882,35.396,-25.138,-55.986,20.642,-10.323,-23.761
85.48073,48.178,45.582,-53.887,32.785,8.034,-92.291,-0.249,1.296,-43.833,1.524,-6.184,-25.99
85.65297,44.142,87.103,-60.327,-6.915,43.413,-75.027,26.122,-17.207,-49.874,31.69,-22.332,-22.084
85.82122,49.132,134.275,-41.212,87.228,21.86,-84.128,-11.044,5.08,-22.912,14.898,-18.462,-1.282
86.08086,43.829,123.952,-60.41,-25.806,45.03,-71.43,19.697,-0.292,-17.81,7.938,-1.432,-16.589
86.25429,42.951,86.738,-47.705,-6.438,32.331,-91.459,18.589,-18.677,-25.081,16.192,3.6,-12.892
86.33098,46.795,65.632,-91.142,38.492,26.317,-105.437,-9.522,13.433,-34.818,7.592,0.756,-11.265
86.50567,49.501,142.634,-19.337,94.751,18.0,-74.307,-2.413,-7.693,-26.55,0.782,-27.489,-3.975
86.67438,42.878,137.082,-48.088,-8.735,24.216,-71.981,36.539,-14.414,-35.632,20.631,-1.333,-12.12
86.8498,48.553,65.656,-49.231,9.379,-15.256,-90.831,-23.598,3.42,-21.837,-0.707,-4.587,-27.625
86.94408,46.645,113.048,-10.273,-15.504,-19.639,-24.127,8.995,18.554,-3.371,1.748,-10.823,-37.469
87.18961,49.765,147.529,-18.499,71.346,-7.028,-83.141,-11.271,5.887,-24.63,4.221,-16.536,-9.265
87.4542,44.683,147.796,-28.901,-21.72,-0.644,-66.293,23.205,-6.821,-38.019,6.241,-6.474,-19.449
87.70041,49.152,61.954,-31.096,17.901,20.105,-96.662,24.006,18.556,-38.355,12.067,-1.715,-5.212
87.85714,49.642,137.955,4.645,79.532,30.673,-5.973,48.393,-1.155,-15.114,-5.594,24.234,-11.163
88.21828,48.636,21.068,-70.193,11.898,17.221,-100.453,-15.901,-11.626,-40.94,4.732,-13.619,-10.457
88.38834,46.742,33.11,-84.358,-28.0,47.047,-69.805,-9.872,-28.694,-55.099,13.139,-7.752,-2.515
88.55769,51.051,91.985,-54.993,56.441,15.352,-62.359,-26.999,-27.557,-31.066,5.056,-17.015,14.272
88.72907,45.271,68.549,-90.652,-22.177,28.049,-78.327,-31.233,-42.195,-38.149,16.881,-6.976,-16.014
88.82449,45.591,93.762,-76.989,-30.77,23.634,-72.67,-21.744,5.195,-33.518,4.575,-20.125,-0.186
88.99615,44.138,73.296,-61.253,-28.593,8.667,-80.018,-4.738,-21.738,-32.357,19.154,-10.189,-9.117
89.06707,48.164,52.294,-95.548,5.237,-0.63,-99.382,-15.55,0.462,-42.446,9.033,11.308,-16.55
89.24304,50.363,104.868,-78.338,55.072,-8.671,-92.002,-8.999,-6.838,-34.097,0.871,-24.537,7.216
89.58068,46.573,56.048,-91.866,40.077,3.059,-114.749,-12.806,16.254,-33.597,-12.988,-4.268,-11.362
89.7581,42.948,109.161,-85.49,-25.01,6.805,-78.104,22.715,-23.859,-59.716,23.765,-9.592,-7.848
89.92617,48.921,130.567,-49.437,85.643,-1.832,-76.71,-2.299,-3.855,-28.745,3.238,-28.798,4.63
90.10073,42.234,129.41,-81.203,-19.13,-7.476,-77.264,21.95,-26.248,-78.339,15.397,-13.812,-5.315
90.19361,43.184,139.235,-69.86,-41.665,12.929,-84.179,16.501,2.478,-27.486,11.601,-18.296,3.498
90.36218,41.874,92.758,-63.862,-5.705,12.601,-85.838,31.473,-27.775,-32.967,17.404,-11.819,0.461
90.43166,46.445,78.314,-96.584,52.822,20.908,-81.511,-7.996,23.879,-31.104,12.684,19.146,-15.154
90.6102,48.477,148.4,-36.725,92.986,3.776,-78.083,-2.088,3.278,-27.594,-5.543,-34.302,1.681
90.77624,41.709,128.432,-63.752,-2.556,3.056,-77.252,37.513,-37.139,-59.969,3.903,-13.31,-3.705
90.87565,41.077,118.541,-63.131,-24.887,14.983,-84.024,31.157,0.432,-31.819,4.893,4.642,-9.061
90.95256,43.657,150.106,-48.507,-14.495,9.871,-52.938,23.347,-17.992,-43.422,26.522,-19.428,-13.913
91.28844,50.805,99.948,-88.019,46.872,-9.022,-57.146,-12.262,-13.963,-31.079,20.429,-5.783,7.418
91.55873,45.088,51.47,-96.33,-11.97,7.105,-80.724,8.382,-33.454,-44.795,12.033,-9.367,6.152
91.63143,52.213,45.982,-16.138,0.505,38.042,-16.105,48.566,2.937,-45.414,32.754,-18.681,-16.276
91.96299,53.47,67.81,-3.585,63.118,10.661,-1.228,40.845,-25.424,8.714,-10.814,-32.67,-2.632
92.27515,50.832,40.688,41.153,-98.553,10.056,54.362,35.736,44.976,3.811,-21.243,-40.203,-14.51
92.57224,51.511,78.979,0.072,-11.047,0.017,-6.725,-3.426,11.908,-11.409,12.489,-27.216,-18.65
92.83315,48.146,81.891,-48.096,-24.224,31.484,-62.523,6.447,4.478,-42.171,18.901,-7.292,3.597
93.001,49.412,87.342,0.964,-47.513,49.777,-35.362,57.068,-33.503,-40.444,41.952,-24.773,-11.223
93.16934,51.494,43.936,-7.453,25.444,21.186,-83.629,34.713,12.069,-41.315,4.081,-3.796,-9.017
93.34381,50.721,116.446,-21.464,66.76,30.141,-77.72,1.035,-8.423,-20.506,17.743,-26.065,3.562
93.68726,50.932,49.573,-26.692,8.925,25.494,-77.511,5.566,6.491,-18.78,6.034,-13.344,-2.965
94.02916,50.554,117.152,-26.522,63.737,18.572,-80.583,1.631,-20.961,-24.3,9.132,-28.121,20.153
94.19261,45.948,94.766,-43.753,-12.503,38.68,-64.563,35.175,-36.216,-25.556,-4.504,4.203,14.36
94.27469,46.221,103.952,-35.953,-22.157,42.237,-44.493,36.033,11.977,-22.118,-22.134,6.1,7.85
94.44721,45.721,83.396,-22.939,-20.591,41.646,-47.473,39.836,-17.706,-14.005,-8.916,14.16,6.196
94.54005,48.237,61.988,-62.524,21.653,29.213,-106.269,3.774,15.476,-30.523,-1.851,-8.711,1.502
94.71075,50.63,125.68,-11.911,67.252,42.555,-68.936,11.205,-19.004,-22.598,12.107,-12.973,10.608
95.04975,50.607,44.311,-51.034,-0.373,17.14,-75.834,3.838,8.419,-21.604,9.594,-4.836,-10.606
95.34109,48.438,77.936,-42.81,-46.701,5.816,7.114,20.186,29.602,-16.139,-12.084,-58.774,15.839
95.562,46.647,110.536,-73.09,-27.823,10.14,-58.235,25.279,-1.538,-48.432,7.195,1.462,5.464
95.90222,47.679,76.99,-85.029,26.452,7.869,-94.169,-6.713,20.708,-34.648,0.992,-2.135,-3.995
96.08054,48.997,147.2,-55.949,85.156,5.555,-89.367,-0.043,10.292,-18.059,3.651,-19.146,3.923
96.42095,46.248,77.18,-102.125,43.527,7.542,-114.449,-26.024,31.434,-11.962,-7.844,-6.982,-5.131
96.58912,40.846,154.369,-100.741,-25.316,9.385,-62.439,16.03,-18.456,-25.171,17.435,-9.526,16.948
96.76336,48.213,153.447,-52.135,101.349,-0.288,-81.591,-22.694,17.529,-16.213,-0.874,-31.93,7.797
96.93193,39.76,161.773,-109.419,-22.402,10.083,-73.394,10.731,-38.314,-28.51,21.039,-8.167,7.355
97.02422,41.054,151.175,-83.787,-2.719,6.259,-81.294,17.469,-1.578,-20.119,21.135,-3.165,16.394
97.10658,42.653,143.588,-50.872,-12.239,2.228,-48.668,39.297,-18.177,-60.178,27.861,-15.686,-6.389
97.18603,43.53,124.712,-34.939,-10.346,11.826,-49.797,53.006,-7.234,-30.181,1.455,15.557,0.299
97.27506,47.628,81.303,-74.1,20.36,11.105,-98.469,-4.187,31.444,-46.114,6.201,-6.898,-0.176
97.42163,47.822,135.402,-15.603,29.407,31.941,46.92,50.278,23.691,0.317,-11.12,5.779,-11.283
97.79093,49.843,72.788,-23.191,-1.218,-15.494,-87.226,-15.792,0.285,-18.946,-5.332,0.968,-36.638
97.96476,46.607,122.404,-25.173,-22.781,-17.043,-70.259,-3.824,-20.007,-38.779,9.851,-23.339,-32.1
98.12816,49.965,141.727,-21.163,78.104,-0.449,-62.949,-4.93,-4.13,-20.074,7.16,-22.741,-10.389
98.30172,44.787,145.537,-43.387,-28.472,16.924,-61.477,21.629,-11.125,-35.776,23.892,-16.692,-22.934
98.56771,44.901,118.545,-8.797,-47.329,19.632,-91.004,30.47,-16.222,-22.013,24.775,14.269,-12.087
98.64426,47.666,75.656,-61.32,21.291,15.871,-106.878,2.119,20.583,-33.72,-5.089,-10.976,-5.637
98.81297,48.899,157.188,-29.114,95.949,20.237,-83.359,-0.99,10.236,-22.33,0.825,-11.757,-4.257
99.158,47.037,44.635,-103.268,1.301,17.371,-111.975,-34.436,-4.234,-19.083,-4.44,-14.166,-4.991
99.33079,44.041,92.678,-122.886,-49.015,18.194,-78.69,-9.047,-26.34,-32.009,21.941,-16.726,1.17
99.49692,49.649,112.184,-85.313,71.271,-3.129,-76.446,-27.681,-7.214,-19.805,5.63,-33.457,12.105
99.6717,43.392,94.931,-125.441,-41.316,21.49,-81.16,-21.927,-31.261,-40.056,25.605,-8.845,-3.696
99.76685,44.277,114.199,-102.98,-50.247,17.541,-83.35,-16.333,-0.605,-22.137,6.29,-9.134,9.432
100.00789,46.504,72.695,-115.01,30.513,20.462,-108.692,-34.591,21.843,-22.422,2.28,-6.107,-1.144
100.18249,49.429,128.03,-79.228,85.272,-3.599,-78.975,-25.903,4.758,-23.3,-0.346,-36.383,7.055
100.35533,42.723,113.92,-109.811,-65.364,17.955,-74.522,-6.271,-24.981,-41.098,33.941,-14.154,6.631
100.52567,45.673,75.38,-118.881,41.836,9.851,-121.35,-38.131,26.036,-5.357,-8.712,-12.121,-9.969
100.69107,41.438,133.131,-130.126,-35.356,15.916,-73.241,-8.049,-17.342,-14.419,21.025,-8.322,3.179
100.85932,48.596,143.12,-71.005,94.941,-2.713,-58.108,-17.866,13.756,-15.815,6.167,-26.108,5.044
101.03424,39.978,146.205,-136.954,-30.314,7.337,-76.306,-14.005,-34.924,-25.753,25.472,-16.222,1.821
101.12621,42.068,156.661,-104.509,-21.561,2.223,-69.151,-4.042,13.909,-23.75,12.033,-23.745,18.175
101.30277,41.128,120.387,-92.84,-11.707,8.684,-94.647,11.202,-12.197,-15.981,13.842,-10.524,16.845
101.37098,45.38,96.437,-123.825,55.699,15.804,-98.719,-32.814,49.657,-12.075,7.521,5.128,-7.168
101.54739,48.357,156.502,-59.418,109.342,4.029,-65.227,-17.882,22.548,-20.96,1.792,-35.835,3.998
101.72095,40.566,165.098,-94.922,-58.886,13.971,-86.988,11.932,-34.249,-29.351,28.513,2.379,5.702
101.88984,45.509,79.759,-119.751,54.519,13.277,-108.392,-40.983,38.395,-6.009,-3.864,-7.222,-6.924
102.06512,39.497,174.871,-114.932,-31.457,9.248,-79.829,-6.76,-15.998,-26.914,25.07,-10.976,8.306
102.22635,49.717,107.172,-113.434,62.895,1.681,-39.123,-23.013,4.974,-18.734,31.378,4.397,8.256
102.49923,43.49,81.298,-127.292,-27.159,9.204,-88.42,-23.329,-12.245,-25.157,14.503,-11.003,9.776
102.57556,48.417,74.105,-38.564,-55.866,30.124,-11.585,44.118,-22.087,-51.891,48.982,-17.362,3.483
102.74467,49.077,35.069,-94.444,3.587,18.351,-90.16,8.392,2.157,-28.966,16.613,-9.179,4.184
102.91469,53.039,95.925,-13.869,36.858,-2.98,-70.459,29.269,-33.875,-31.567,11.394,-14.588,-7.113
103.09129,48.187,70.453,-50.451,36.194,19.827,-84.015,23.109,28.459,-37.947,19.408,-24.621,-16.496
103.26036,53.34,60.155,-9.807,-13.814,8.616,-31.097,0.597,11.438,-16.998,-0.011,-41.963,-7.99
103.54467,50.192,88.499,-33.831,-14.296,1.427,-6.794,-16.679,7.196,-14.375,19.231,-27.713,-2.994
104.03138,51.973,41.223,27.29,-19.443,47.199,1.25,59.725,5.44,-32.853,35.342,8.658,-20.423
104.28685,53.479,87.895,30.856,51.521,47.214,-66.181,34.378,-24.737,-26.385,18.979,-33.569,-1.147
104.62884,51.333,40.349,-22.442,8.555,32.222,-78.709,3.489,1.568,-15.102,8.286,-16.446,-8.317
104.96794,50.964,130.631,-24.537,61.406,13.25,-61.06,2.822,-4.23,-19.186,9.96,-25.852,9.619
105.07592,46.487,87.429,-28.863,-57.733,19.694,-31.26,-0.452,6.327,-18.776,11.752,-13.28,-8.029
105.47696,49.251,52.667,-43.52,18.662,32.313,-87.686,4.561,3.532,-37.363,8.977,-1.785,-25.873
105.65129,51.369,116.243,-2.718,62.079,45.682,-76.222,8.815,-22.144,-23.397,15.059,-18.226,-3.954
105.99497,51.786,44.779,-28.268,17.076,20.029,-67.679,11.193,3.919,-23.998,7.561,-14.918,-0.171
106.33587,52.277,99.948,-19.933,51.865,15.713,-75.803,13.81,-14.491,-25.091,13.871,-22.908,-1.636
106.60227,48.162,85.662,-23.698,-18.116,27.37,-68.904,34.082,13.161,-35.508,8.531,-21.061,-7.835
106.83986,49.143,57.029,-52.181,21.953,26.921,-74.131,12.992,7.027,-36.667,10.663,10.518,-15.79
107.02145,50.645,119.105,-24.454,67.199,22.207,-78.043,8.243,-21.576,-20.313,9.721,-29.25,-10.105
107.19048,46.558,96.537,-31.236,-19.241,31.314,-66.452,37.286,-15.576,-50.102,16.642,-13.325,-28.796
107.36331,48.542,62.66,-55.691,19.986,20.42,-101.95,-5.691,24.122,-30.044,-4.027,-13.294,-18.88
107.70168,49.439,141.122,-40.698,81.298,19.173,-77.227,-7.868,5.975,-21.272,15.42,-11.054,-1.569
107.96104,44.492,126.301,-52.287,-26.392,43.116,-62.704,22.595,7.523,-19.381,8.292,3.256,-13.735
108.12943,43.591,99.528,-49.699,4.579,33.867,-56.284,24.97,-15.056,-19.995,2.252,3.561,-13.735
108.21129,47.3,74.072,-87.685,33.88,26.57,-95.654,-6.39,18.844,-26.931,6.093,7.034,-6.112
108.38467,49.734,141.671,-16.31,88.364,18.353,-72.093,-1.953,-7.704,-26.244,1.451,-18.803,-2.005
108.55914,43.962,137.576,-28.349,-14.274,19.57,-79.197,38.869,-12.886,-47.775,22.36,-10.222,-15.852
108.72721,49.507,85.796,-23.576,-2.334,5.551,-81.787,-31.816,17.519,-16.627,-6.13,1.397,-25.041
109.06975,49.475,156.882,12.941,77.242,33.655,-77.251,-29.534,-7.131,-27.577,1.68,-7.367,0.788
109.58086,49.009,74.271,-31.559,19.202,19.493,-94.254,8.354,19.813,-37.077,5.673,7.274,-12.955
109.73728,49.43,147.032,47.73,82.559,66.173,3.761,20.141,-6.591,-26.175,-16.785,27.874,-6.086
110.09782,49.526,33.812,-50.956,0.694,16.783,-96.044,-13.278,-14.54,-40.569,-2.982,-0.311,-9.259
110.2654,48.072,45.939,-41.808,-18.317,58.812,-57.505,-14.302,-23.077,-52.178,3.9,-2.717,7.836
110.43995,51.249,101.798,-37.077,54.746,32.313,-74.685,-56.698,-22.463,-37.836,2.757,-20.884,16.752
110.58558,46.948,84.235,-48.623,-38.546,59.624,-27.681,-33.408,-3.175,-15.771,-32.514,12.772,-1.95
110.94576,47.993,63.765,-71.849,20.696,32.268,-88.252,-7.025,10.84,-30.003,7.975,11.321,-5.367
111.11923,49.981,138.214,-18.997,76.71,36.488,-76.496,-10.35,-8.269,-24.88,4.447,-5.01,-1.565
111.46204,47.829,60.405,-67.053,34.322,21.05,-95.273,-10.18,14.22,-23.076,-0.973,-3.409,-11.718
111.63125,43.967,114.658,-50.83,-14.258,51.829,-53.698,11.654,-23.925,-30.413,16.269,-2.489,-0.62
111.80385,49.218,140.489,-11.775,91.657,35.199,-75.24,-19.819,-13.747,-18.549,4.642,-22.467,2.87
111.97832,42.991,119.605,-34.058,-9.115,59.899,-76.538,9.955,-33.064,-39.562,27.18,-12.549,-9.8
112.07143,44.43,134.497,-9.165,-16.353,61.391,-73.072,11.688,3.762,-26.98,7.756,-16.637,-1.079
112.31497,47.212,78.649,-67.334,37.005,28.135,-104.175,-10.217,22.497,-27.225,3.013,11.609,-11.942
112.48902,48.846,156.532,17.177,100.625,50.204,-71.737,-23.444,-10.699,-29.13,-0.636,-24.3,3.533
112.65728,43.839,135.78,12.462,-8.474,69.418,-60.022,17.078,-26.132,-54.835,15.873,0.777,-9.229
112.83197,47.707,83.258,-35.406,21.54,32.266,-100.558,-22.786,22.279,-17.928,-8.732,-0.627,-18.85
113.17406,48.968,149.613,20.651,90.971,51.053,-76.488,-33.359,-19.391,-29.049,1.466,-22.075,8.572
113.3483,44.878,141.686,8.217,-15.97,76.584,-54.948,-5.547,-8.247,-46.422,23.757,-11.078,3.874
113.60939,44.363,100.017,13.51,9.858,48.998,-26.194,-12.978,-32.35,-24.094,14.557,-48.94,4.509
114.12612,45.214,88.817,-8.059,-61.918,37.296,-21.542,-21.829,40.25,-12.401,6.631,-30.519,12.381
114.53356,51.072,136.058,-60.088,38.641,17.807,-31.944,-12.679,3.871,-17.286,17.004,0.615,5.723
114.78753,45.852,131.629,-90.513,-51.473,30.597,-38.78,-8.125,2.877,-18.133,-7.154,2.268,1.304
115.04395,47.688,104.895,-88.603,21.868,17.215,-63.197,-8.921,33.036,-23.337,14.733,23.391,-7.542
115.22154,50.086,149.229,-42.399,73.942,9.858,-74.24,-18.794,12.4,-18.872,6.906,-25.919,-1.025
115.3917,44.593,131.462,-80.767,-41.086,42.322,-62.798,-7.486,-14.427,-11.829,12.038,-6.693,-0.731
115.55986,47.988,87.494,-90.467,17.321,21.33,-79.0,-23.895,28.997,-13.19,6.254,9.081,-17.593
115.89923,49.459,136.638,-65.328,69.178,24.022,-11.68,-5.634,9.791,-11.793,12.504,7.22,-7.201
116.06417,44.231,122.475,-90.716,-29.76,34.456,-44.673,-2.855,-25.724,-7.189,-4.269,3.426,-24.19
116.16363,44.919,129.721,-65.728,-39.801,28.221,-57.818,6.58,-6.741,-16.099,6.65,7.128,-4.643
116.41002,46.985,89.922,-97.595,36.853,25.066,-45.613,-7.119,26.213,-20.222,15.528,24.294,-11.074
116.59011,49.452,147.745,-40.225,79.712,30.665,-67.481,-7.382,2.265,-17.008,10.241,-0.053,-3.55
116.93578,48.103,48.813,-110.556,11.378,14.664,-105.088,-24.271,4.707,-12.832,-0.723,-16.786,-6.651
117.09823,44.8,93.669,-119.52,-44.162,21.095,-58.445,1.471,-27.411,-19.025,8.994,2.368,-2.953
117.27723,50.563,113.109,-59.021,52.12,0.993,-84.651,-7.53,-15.005,-17.157,5.892,-31.421,4.922
117.44585,45.945,104.339,-97.361,-50.857,37.526,-71.946,0.145,-4.49,-10.835,21.224,-14.915,-7.215
117.70553,45.341,93.028,-63.904,-45.755,12.677,-80.446,21.976,-16.609,-14.714,18.945,25.036,6.108
117.78898,47.55,70.574,-87.79,11.427,19.013,-113.839,-7.574,12.188,-26.37,0.107,-5.063,-3.469
117.95556,49.9,136.091,-44.581,81.836,12.487,-68.271,4.492,-0.968,-18.24,6.805,-26.389,-0.864
118.13311,44.269,120.809,-69.406,-34.534,31.363,-82.843,16.421,-16.459,-25.495,28.722,-6.897,-17.882
118.30209,47.209,73.072,-82.078,33.915,13.195,-102.059,-16.456,18.24,-18.76,-5.291,-7.123,-17.532
118.47043,42.432,132.24,-83.615,-28.517,35.526,-66.535,17.992,-26.846,-9.063,17.432,-8.146,-11.622
118.638,49.16,137.433,-41.624,82.116,25.134,-39.627,-8.324,-2.816,-7.274,12.912,-10.383,-10.506
118.80621,42.81,120.559,-79.301,-9.441,47.578,-57.064,20.493,-27.749,-2.688,10.178,-3.897,-22.56
118.90794,43.545,144.305,-56.028,-29.819,29.106,-78.189,17.529,5.839,-9.37,19.446,-18.015,-5.423
119.14621,46.207,86.02,-101.089,50.895,22.325,-71.846,-16.173,29.626,-20.049,14.988,17.029,-9.557
119.32567,48.843,148.351,-40.685,100.382,17.708,-80.471,-11.266,4.198,-15.953,1.388,-35.883,-1.527
119.50154,41.838,147.151,-72.938,-49.239,31.829,-82.174,9.698,-19.291,-18.565,38.002,-16.565,-9.864
119.67002,46.678,62.418,-101.236,26.46,15.619,-110.894,-32.438,12.853,-14.222,-3.262,-13.601,-9.806
119.82476,43.106,101.415,-110.189,-30.13,35.681,-36.828,-3.25,-22.255,-12.969,-6.27,13.753,-7.492
120.01288,49.401,128.958,-48.671,84.363,18.022,-86.996,-16.995,-7.189,-11.565,5.604,-36.833,4.042
120.18041,42.561,116.71,-101.327,-17.45,33.118,-75.221,-15.897,-34.099,-27.164,16.253,-10.577,-22.552
120.27451,43.375,133.072,-81.371,-31.989,32.444,-70.271,-4.924,-1.958,-17.251,13.73,-17.88,0.022
120.44603,42.088,111.04,-68.641,-21.383,13.507,-88.218,1.943,-25.126,-28.347,15.5,-6.692,3.152
120.51537,45.998,84.565,-114.147,44.018,23.691,-95.135,-22.476,30.778,-22.616,8.69,7.479,-4.973
120.69093,48.782,149.684,-41.994,98.499,19.106,-64.511,-14.138,5.813,-17.15,4.107,-29.321,-0.466
120.86567,42.403,131.682,-74.418,-41.811,44.714,-79.435,-1.769,-23.913,-18.379,32.657,-7.873,-10.843
121.03773,46.818,45.849,-104.149,16.246,21.643,-110.159,-41.14,-4.029,-15.249,0.171,-16.835,-6.697
121.20957,43.888,100.069,-124.08,-51.306,13.319,-80.594,-13.35,-27.586,-28.231,19.562,-6.929,-6.595
121.37973,49.489,111.736,-76.988,68.198,-2.692,-86.765,-20.035,-6.559,-16.934,3.818,-41.08,10.221
121.5507,43.415,88.903,-126.551,-38.053,26.933,-85.756,-19.894,-36.586,-22.983,24.412,-10.81,-12.495
121.64104,44.447,110.675,-108.907,-44.264,22.226,-79.016,-16.883,9.483,-20.556,11.288,-16.173,7.708
121.79986,42.747,93.131,-105.486,-18.993,16.709,-41.218,0.792,-21.268,-7.564,4.784,4.793,-3.744
121.8829,46.687,68.278,-120.343,39.534,27.857,-69.52,-19.633,14.681,-16.318,14.621,13.564,-7.567
122.06322,49.766,119.372,-77.43,79.963,0.929,-69.33,-16.181,-2.724,-18.668,3.839,-39.35,7.84
122.23179,43.215,109.701,-113.904,-59.693,27.142,-73.985,-7.041,-31.789,-22.29,25.443,2.303,-6.599
122.40417,46.951,53.517,-97.952,29.562,18.509,-110.222,-21.288,3.25,-11.355,-1.933,-15.289,-12.37
122.58068,42.834,101.058,-111.18,-41.756,34.35,-85.11,-6.859,-21.456,-11.841,29.468,-19.358,-15.627
122.74308,49.52,127.731,-62.929,85.024,10.631,-52.675,-16.25,-0.766,-11.338,8.879,-20.819,-5.641
122.91746,42.175,130.015,-110.705,-31.977,21.088,-78.912,-7.325,-29.346,-15.79,22.497,-9.268,-24.02
123.01469,43.057,137.607,-87.618,-34.926,12.014,-82.511,-0.499,2.059,-16.065,8.894,-29.945,5.44
123.18463,42.143,99.758,-80.321,-13.439,12.27,-86.206,8.255,-25.987,-15.988,21.899,-13.118,-11.474
123.25424,46.253,83.228,-110.13,42.253,20.302,-88.774,-16.869,30.664,-23.142,10.265,13.084,-1.9
123.42272,48.375,144.557,-65.547,100.166,17.267,-13.84,-2.94,13.577,-9.688,10.092,3.874,-9.131
123.59741,42.09,139.036,-86.012,-46.415,31.207,-82.571,8.878,-30.221,-21.712,29.581,-3.48,-10.847
123.77383,46.119,70.027,-95.058,39.678,13.237,-115.422,-29.221,23.067,-8.544,-5.73,-13.639,-17.909
123.94227,41.691,135.009,-83.976,-30.869,33.885,-74.631,4.468,-28.157,-14.959,27.645,-15.286,-20.456
124.11048,50.417,101.684,-101.945,60.38,-1.742,-73.671,-25.409,1.637,-18.259,19.513,-16.778,9.89
124.37637,44.617,102.62,-119.614,-47.444,14.766,-78.359,-24.823,6.236,-19.005,8.342,-16.041,8.409
124.53279,44.007,90.302,-95.074,-47.924,16.228,-49.409,3.396,-21.783,-4.022,1.551,40.408,-1.845
124.62449,47.148,43.472,-134.378,8.386,13.68,-116.881,-31.293,11.509,-18.253,10.413,-12.589,-4.651
124.79551,50.116,118.817,-88.267,71.108,5.134,-84.954,-11.451,0.657,-15.503,7.032,-18.446,3.559
125.13773,47.083,45.84,-112.712,20.179,22.185,-107.348,-36.484,0.804,-10.709,0.082,-9.859,-9.488
125.30299,44.225,75.545,-129.543,-41.762,35.289,-46.085,-24.728,-34.746,-17.366,0.28,13.839,-9.962
125.4829,50.047,105.813,-75.972,68.397,8.291,-75.246,-34.688,-14.835,-21.408,2.655,-34.065,13.818
125.65546,43.706,81.684,-120.598,-41.457,39.633,-85.275,-36.605,-35.578,-26.83,23.676,-8.245,-7.308
125.7478,43.698,78.503,-108.601,-32.731,30.937,-89.149,-36.617,-15.959,-25.868,20.477,-6.523,5.907
125.82317,49.183,82.543,-0.767,-85.608,35.25,-10.745,34.632,-47.432,-40.865,34.573,-28.496,5.711
125.98621,52.03,34.051,-8.593,64.662,34.958,-48.506,42.215,29.404,-44.548,10.007,-25.845,0.632
126.15941,51.637,115.08,-3.675,59.387,27.433,-52.503,15.431,-31.299,-25.872,8.162,-4.87,2.786
126.33406,47.412,75.028,-28.505,19.544,56.15,-68.512,26.108,8.45,-34.715,19.604,-18.509,-0.192
126.50816,48.722,38.459,-68.788,6.488,13.86,-102.831,-3.441,-9.882,-21.201,3.895,-10.607,-9.805
126.59193,46.075,51.528,-71.097,-24.794,23.253,-34.146,-20.445,22.615,-5.493,-11.124,-17.328,-21.703
126.85066,50.034,106.036,-57.591,69.874,16.819,-77.497,-32.36,-12.453,-16.939,3.223,-35.997,6.879
127.01234,47.73,83.444,-33.6,-51.222,61.251,-27.224,35.777,-21.12,-25.481,29.564,-3.636,-18.394
127.35574,49.583,44.515,-44.837,25.129,40.681,-86.088,25.697,5.698,-26.925,15.112,-2.506,-13.793
127.53365,49.517,131.127,-35.178,86.426,20.568,-92.967,-3.328,-7.307,-17.22,1.298,-32.695,3.475
127.70385,45.243,97.324,-40.404,-63.167,58.642,-69.736,11.248,-43.013,-27.59,43.569,-8.133,-17.068
127.87497,48.543,35.376,-82.236,10.048,24.228,-92.7,-27.724,-12.479,-11.863,9.094,-12.499,-22.324
128.04481,46.14,65.289,-89.074,-46.417,36.517,-75.229,-4.521,-29.267,-5.77,26.165,-12.41,-22.743
128.2146,51.075,99.236,-42.916,60.159,24.672,-68.812,5.326,-25.533,-5.988,18.686,-45.594,-11.28
128.3883,47.832,85.7,-25.717,-62.454,55.963,-64.871,50.96,-23.24,-19.342,36.82,-17.332,-13.839
128.71995,48.687,46.45,-76.227,47.11,45.064,-72.973,12.165,20.579,-6.356,17.814,0.056,-17.574
128.9,50.088,132.051,-39.491,77.005,23.732,-85.469,-0.745,-3.061,-20.204,10.752,-27.227,-6.56
129.24327,47.653,62.792,-83.158,20.035,34.425,-108.752,-3.989,-7.17,-17.303,-15.48,-11.109,-22.054
129.41061,45.311,77.992,-56.787,-2.449,73.986,-70.807,27.818,-5.24,-8.109,28.033,-19.862,-12.338
129.57882,50.175,126.329,-33.889,81.118,37.158,-63.196,-9.013,-4.745,-12.637,21.53,-18.168,-12.55
129.84617,44.461,125.987,-60.92,-33.569,45.482,-74.773,-2.679,1.387,-13.367,16.434,-12.868,-16.148
130.00277,43.777,80.84,-52.727,-8.157,57.781,-40.011,20.589,-20.538,12.626,4.584,2.811,-30.211
130.09057,46.417,91.034,-105.633,39.586,28.088,-97.873,-21.141,42.692,-11.512,16.583,14.305,-9.886
130.24503,47.397,154.298,-51.734,69.44,35.944,47.362,7.616,18.324,-6.291,12.937,-5.194,-9.47
130.43846,41.632,148.004,-67.875,-48.178,40.93,-76.195,16.823,-27.786,-17.972,40.856,-11.866,-11.931
130.60422,46.944,59.197,-97.917,38.185,12.245,-96.951,-28.532,12.367,-13.754,1.851,-6.104,-11.755
130.78222,43.236,104.349,-107.399,-44.813,27.988,-73.987,-14.442,-33.366,-30.476,24.619,-11.143,-5.597
130.94726,49.576,123.152,-59.981,85.886,14.635,-71.72,-22.353,-3.979,-17.048,4.755,-32.656,6.572
131.12372,41.945,139.053,-98.891,-26.106,16.468,-97.994,-2.045,-19.781,-29.076,18.854,0.182,-19.163
131.21914,42.93,135.02,-80.052,-40.845,26.187,-77.388,-0.354,3.279,-14.519,13.946,-34.097,0.473
131.3898,42.361,109.149,-61.993,-27.913,10.68,-92.943,8.604,-18.236,-16.517,23.693,-7.925,1.087
131.45741,46.221,84.821,-107.667,45.924,21.535,-105.332,-23.963,28.842,-19.764,3.457,-0.224,-7.57
131.6283,48.734,141.874,-50.171,94.007,21.131,-38.191,-16.045,3.014,-16.948,5.644,-16.555,-3.526
131.80254,42.374,131.124,-75.694,-40.497,46.107,-73.754,3.551,-26.088,-15.757,30.404,-0.101,-14.786
131.9766,47.44,37.837,-114.766,22.112,18.665,-104.87,-37.16,1.561,-17.417,3.431,-15.434,-13.059
132.1419,44.275,77.969,-117.064,-43.472,35.813,-64.095,-22.357,-35.439,-20.054,15.505,-3.84,-6.207
132.319,50.751,93.563,-65.864,60.913,19.352,-69.453,-43.191,-21.434,-21.408,7.307,-31.094,9.126
132.48821,44.656,69.441,-116.197,-41.305,57.729,-73.55,-45.801,-40.494,-18.971,20.393,-3.868,-14.903
132.5859,45.3,90.592,-92.358,-45.794,42.342,-80.582,-42.128,0.295,-19.314,6.538,-18.077,2.076
132.74277,43.812,75.318,-94.289,-17.546,33.257,-44.57,-21.681,-25.011,-10.712,0.15,10.702,-0.977
132.82308,47.263,60.329,-120.511,25.672,18.695,-83.001,-23.523,9.803,-21.993,13.382,11.065,-5.751
132.99819,50.327,108.424,-82.948,69.319,-2.064,-55.147,-12.904,-4.56,-21.12,4.658,-24.042,2.751
133.17107,44.557,93.592,-112.73,-61.745,19.251,-77.001,-3.785,-31.848,-33.386,23.828,-1.27,-2.03
133.34644,47.07,50.127,-100.829,24.242,10.716,-114.817,-20.133,9.274,-14.965,-3.839,-13.764,-10.011
133.51315,43.567,111.154,-102.888,-28.106,13.643,-75.363,13.025,-17.179,-28.517,21.578,-10.203,5.084
133.68694,49.014,129.874,-60.228,73.185,-2.81,-87.834,-10.124,1.869,-16.079,0.263,-36.814,7.667
133.8493,42.618,114.078,-107.47,-12.873,24.232,-67.607,11.539,-27.422,-14.33,13.5,-4.379,-16.199
133.95079,44.182,126.857,-72.693,-37.228,21.777,-73.561,13.177,3.928,-21.892,15.973,-13.766,-6.91
134.18671,46.884,75.545,-106.504,36.371,27.332,-58.823,-13.684,20.57,-22.838,14.136,23.035,-12.694
134.36195,48.476,148.275,-54.277,97.197,13.773,-31.998,-0.759,9.907,-14.996,4.866,-10.889,-1.862
134.54336,41.225,132.755,-85.058,-19.699,18.4,-81.269,19.344,-34.618,-33.513,25.932,-17.038,-1.422
134.63755,42.543,127.916,-66.071,-44.006,33.423,-62.169,19.887,5.021,-10.249,-1.581,-7.087,3.86
134.80649,43.406,113.653,-53.571,-37.833,33.455,-59.654,9.896,-13.319,-17.692,1.364,-16.489,-8.052
135.05442,48.82,147.847,-11.803,88.137,32.692,-74.393,-40.811,-11.216,-29.533,-4.391,-18.025,5.147
135.2156,42.422,134.765,-28.326,0.705,63.017,-43.519,6.477,-41.07,-37.228,-4.616,1.7,3.405
135.31501,43.248,121.286,-18.358,10.444,56.317,-73.5,-4.266,-28.735,-36.005,15.465,10.52,-0.925
135.39506,50.747,76.412,50.951,21.646,87.295,-26.825,12.315,-2.451,-59.613,29.374,-11.827,-10.551
135.72059,51.913,90.887,54.147,86.546,64.061,14.968,3.988,-26.899,-2.303,-24.091,-24.195,8.832
136.05134,52.314,69.118,41.882,-54.459,25.313,74.176,19.54,29.903,-7.962,-0.777,-9.144,-19.262
136.32449,51.387,89.571,-3.336,-24.616,7.343,9.095,1.475,13.876,-10.894,12.965,-31.129,-19.437
136.56766,47.724,81.208,-53.244,-42.087,36.834,-25.634,11.039,0.656,-19.313,-21.3,3.094,1.369
136.76662,49.697,85.444,-4.925,-55.954,53.578,-27.871,42.798,-26.692,-36.759,49.981,-22.607,-1.242
136.93379,51.563,51.458,-8.438,11.904,27.322,-88.952,35.918,12.017,-39.67,-2.823,-8.162,-5.088
137.10068,50.86,120.688,-23.633,69.086,34.969,-71.748,4.288,-2.727,-15.505,16.195,-23.245,2.501
137.44435,51.015,61.448,-31.124,8.48,22.92,-68.526,7.752,10.695,-18.619,6.859,-9.566,1.826
137.78685,50.967,120.6,-29.248,58.893,14.012,-70.072,14.506,-10.258,-18.995,11.436,-22.761,23.722
137.95234,46.458,114.676,-51.2,-35.585,43.767,-55.614,36.973,-10.37,-18.155,-0.316,11.025,13.356
138.29741,48.659,75.65,-63.002,14.495,20.619,-93.782,0.064,15.45,-25.582,1.669,2.326,5.593
138.47224,50.957,126.222,-13.177,65.578,41.636,-81.628,5.536,-16.443,-22.212,16.365,-18.508,9.034
138.81447,50.399,60.775,-50.475,-5.579,9.949,-80.772,3.107,15.668,-19.147,2.223,-14.133,-9.226
139.15701,50.775,115.434,-52.785,53.391,-4.887,-78.956,0.318,-8.011,-23.179,5.75,-31.446,14.993
139.31977,45.743,104.245,-87.848,-17.801,4.686,-55.955,23.659,-20.004,-50.601,-5.384,4.914,-1.636
139.39528,46.334,106.333,-64.807,-49.535,16.752,-34.354,30.223,16.086,-16.556,-17.544,0.342,1.634
139.65655,47.689,84.565,-92.513,21.971,15.88,-49.126,-5.311,28.347,-28.881,10.357,16.776,-1.196
139.8424,49.091,148.149,-58.429,80.599,1.176,-94.716,-5.937,16.788,-20.805,0.103,-19.635,6.238
140.182,46.469,96.645,-95.304,31.297,3.95,-115.584,-29.679,37.758,-2.584,-14.498,-1.582,1.423
140.35483,41.235,174.07,-99.938,-38.287,3.404,-67.626,1.641,-11.317,-18.482,18.823,-9.911,13.67
140.52345,48.094,169.068,-60.246,97.846,2.52,-77.83,-22.704,32.34,-15.155,5.16,-15.965,8.406
140.78327,41.292,159.015,-82.859,-3.81,1.923,-61.211,16.666,-1.535,-21.385,17.359,-2.633,17.454
140.86358,44.33,164.633,-33.373,-37.512,13.449,-39.388,40.086,-15.131,-30.302,32.972,-9.574,-4.362
141.03274,47.488,97.497,-70.175,27.111,13.321,-96.217,-2.191,34.013,-26.582,1.761,9.295,0.034
141.20054,49.744,161.281,-15.523,78.15,19.913,-51.951,16.487,9.016,-13.127,14.382,11.112,-5.009
141.5488,50.243,85.904,-31.347,6.263,-7.129,-75.134,-16.206,21.043,-14.525,-8.413,-7.496,-27.787
141.8932,50.287,150.525,-31.379,64.299,4.868,-87.866,-8.715,14.118,-16.671,9.311,-15.232,-8.604
142.3146,44.845,128.897,-30.833,-17.294,17.0,-50.557,37.79,-11.667,-5.648,8.713,4.87,-19.316
142.40281,47.738,86.856,-74.75,16.745,12.782,-102.496,-8.028,25.122,-19.352,1.201,1.477,0.7
142.57655,48.878,159.678,-29.267,83.212,18.558,-93.145,-1.156,12.284,-18.021,1.118,-20.84,-1.245
142.91882,48.013,62.061,-95.31,1.119,21.345,-104.25,-46.25,-0.42,-4.328,-3.572,-8.902,-0.562
143.08794,44.861,97.98,-129.131,-48.957,21.996,-68.959,-35.032,-15.49,-14.525,16.821,-6.982,-1.407
143.25492,49.887,127.162,-74.337,72.625,-4.864,-64.31,-16.823,5.397,-16.54,5.056,-24.955,13.113
143.42966,42.904,113.084,-128.128,-44.178,19.018,-77.215,-17.542,-34.762,-21.196,25.572,-6.833,3.385
143.52181,45.192,120.286,-89.359,-54.21,16.661,-71.434,-6.461,0.636,-20.055,10.216,-4.183,14.321
143.77188,47.037,90.084,-97.966,13.227,8.858,-113.605,-26.473,27.238,-20.415,-8.591,-5.011,3.177
143.93814,49.427,138.777,-54.822,79.416,2.135,-68.28,-10.639,2.399,-21.559,2.411,-26.854,15.134
144.11542,44.0,120.491,-82.418,-60.149,25.216,-70.398,10.908,-20.847,-35.808,29.327,-7.372,20.521
144.28272,47.512,78.733,-95.084,18.157,11.129,-102.527,-24.573,19.003,-7.084,-5.021,-4.305,2.255
144.45964,43.568,127.244,-99.784,-48.969,18.877,-74.405,12.044,-18.596,-5.512,24.957,-11.304,19.293
144.62821,49.648,133.466,-50.993,73.217,4.492,-76.497,-2.856,2.014,-12.468,4.342,-27.955,12.801
144.80086,43.244,118.177,-89.484,-29.66,28.892,-87.169,21.388,-21.708,-10.495,33.009,-10.436,6.249
144.89442,44.102,144.849,-74.287,-40.987,13.272,-76.448,12.859,8.229,-9.436,16.259,-21.699,13.358
145.05678,43.628,126.232,-73.011,-24.312,18.848,-66.823,23.43,-9.592,5.793,13.816,11.013,12.655
145.13342,47.572,86.137,-87.766,19.074,14.652,-101.407,-15.633,27.402,-15.268,3.867,2.765,-0.052
145.31043,49.491,152.055,-43.633,85.544,14.663,-94.708,-3.583,11.651,-16.601,5.545,-19.709,-0.597
145.65306,46.732,97.109,-86.678,33.024,3.905,-109.853,-24.135,33.763,-7.117,-13.063,-7.606,-4.795
145.82717,41.96,160.095,-80.222,-42.248,21.07,-73.696,12.355,-16.646,-5.422,27.926,-19.406,7.18
145.98998,50.556,113.243,-97.524,54.732,-3.652,-62.268,-19.107,4.347,-21.409,22.358,-5.835,12.572
146.25415,44.707,97.036,-112.045,-34.424,10.2,-82.904,-18.273,-1.121,-16.094,15.402,1.019,11.123
146.338,49.044,83.33,-30.964,-49.393,27.266,-12.886,40.711,-13.691,-42.805,45.156,-20.663,9.087
146.50621,49.36,48.726,-87.477,-8.821,16.88,-95.171,2.364,9.209,-24.207,11.161,-10.79,8.483
146.68018,52.365,105.89,-33.139,44.712,5.543,-69.305,17.144,-5.527,-29.804,20.065,-39.27,-1.608
147.01755,53.343,69.532,-5.728,-16.518,9.978,-29.041,1.94,13.04,-14.801,6.766,-31.351,-10.612
147.30159,50.01,89.109,-28.332,-19.224,3.835,-10.153,-13.689,6.267,-13.119,20.7,-23.927,-5.18
147.79116,52.091,45.737,20.987,-25.392,48.941,8.593,53.952,1.028,-31.323,35.312,10.911,-14.393
148.04499,53.618,92.673,27.181,53.67,50.147,-64.799,32.744,-20.254,-21.482,18.305,-27.111,-4.654
148.38658,51.841,48.289,-25.993,5.119,31.242,-75.525,6.589,5.24,-8.411,8.974,-11.681,-12.758
148.73034,51.005,122.869,-27.153,52.215,14.633,-81.351,-2.296,-17.242,-17.72,9.994,-20.675,14.25
148.88059,48.663,95.901,-44.979,-15.529,21.728,-37.492,-4.826,-9.037,-19.999,-12.43,7.566,-2.634
149.06626,48.301,87.082,-34.155,-28.716,55.909,-56.149,13.363,-11.626,-12.454,17.413,-2.268,-10.372
149.24041,49.863,57.695,-45.89,3.875,28.264,-91.707,3.647,10.171,-30.764,4.11,-7.727,-17.799
149.41447,51.613,110.99,-0.482,58.409,36.191,-78.297,8.994,-29.947,-18.869,13.472,-27.807,-3.421
149.58349,47.803,81.654,-15.393,-13.611,61.053,-69.011,28.767,-9.742,-30.913,18.653,-1.059,-7.273
149.75719,52.236,50.136,-25.425,4.372,16.196,-73.365,9.765,4.055,-21.202,7.275,-17.498,1.077
150.09524,52.465,110.038,-17.692,42.64,14.559,-68.731,17.812,-8.708,-14.79,17.321,-10.259,-4.329
150.59991,49.98,63.006,-44.901,7.543,24.131,-64.929,20.948,8.426,-27.165,8.421,17.592,-15.01
150.7776,51.149,126.858,-16.322,56.183,28.697,-77.362,11.459,-15.157,-22.214,13.599,-15.166,-15.002
151.12127,49.578,69.73,-42.716,9.839,26.463,-95.707,6.695,16.861,-14.599,-2.542,-5.169,-9.532
151.46385,50.631,127.482,-17.102,68.842,24.394,-80.785,5.959,-18.262,-13.259,11.833,-23.522,7.743
151.63819,45.494,99.791,-33.555,-6.55,52.398,-86.529,54.44,-14.624,-28.279,30.405,-9.222,14.382
151.7307,46.591,112.226,-14.202,-28.205,56.101,-79.055,49.331,11.024,-7.15,18.813,-17.71,9.869
151.89397,46.608,96.87,-9.558,-0.486,48.686,-65.103,53.568,-1.1,-9.325,12.889,7.51,13.392
151.97524,48.99,71.401,-45.523,13.52,32.822,-95.9,14.943,16.609,-24.34,5.419,1.858,10.507
152.14327,50.629,140.942,-0.04,76.011,31.308,-64.888,24.201,-0.981,-30.108,5.178,-3.163,5.012
152.49134,50.721,81.71,-4.48,-6.475,9.35,-81.588,-4.066,14.573,-22.786,-9.978,-2.438,-12.871
152.83361,50.877,146.663,31.719,56.41,28.103,-81.805,-0.874,-7.136,-34.328,3.604,-11.239,8.979
153.33868,50.206,89.855,-3.743,20.579,10.847,-71.584,17.434,22.247,-45.379,2.981,15.221,-17.546
153.5068,50.901,155.063,58.313,68.452,44.257,-41.564,11.532,-17.07,-34.687,0.741,15.16,-8.323
153.85533,51.649,62.475,-19.531,-7.668,5.831,-68.573,-11.419,9.555,-29.181,-0.621,1.599,-6.99
154.19741,52.356,119.838,6.186,35.686,9.111,-56.133,-27.095,-34.998,-39.97,0.945,-9.245,11.033
154.3658,50.69,107.362,2.757,-29.397,26.359,-37.733,-44.446,-13.468,-38.488,-0.676,5.725,4.665
154.69134,51.729,87.746,-18.722,-8.74,2.495,-29.449,-22.632,7.374,-15.367,5.538,17.553,1.231
154.85941,51.387,146.073,28.923,25.235,28.477,-3.947,-14.79,0.001,-4.577,-13.409,13.247,5.303
155.21365,51.289,102.242,-15.187,-5.994,-5.253,-48.331,-10.365,12.684,-0.733,13.893,19.488,-5.333
155.56794,52.182,157.129,15.903,34.95,15.016,-71.509,-4.419,3.238,-11.449,9.214,-9.948,10.895
156.07878,51.541,115.907,-22.321,-7.844,16.072,-75.103,-0.511,25.915,-2.638,-0.997,-1.859,6.633
156.24712,51.677,175.417,39.302,45.13,43.817,-61.389,-11.208,-4.942,-17.317,11.265,-1.056,-1.212
156.578,50.879,125.792,-3.862,19.243,44.031,-47.695,-3.175,35.516,-10.393,9.967,20.723,-16.956
156.93175,51.255,168.216,45.591,56.401,55.44,-66.759,-12.995,-3.353,-24.951,10.95,-0.605,3.185
157.36204,48.035,143.511,47.79,-3.55,39.656,-30.172,11.973,-8.725,-14.424,7.393,-11.121,-3.541
157.95361,45.527,29.742,-21.323,43.244,14.903,-52.967,-4.351,14.659,-35.678,28.917,-13.381,35.298
159.31156,44.29,42.668,1.615,34.678,14.937,24.087,30.096,-8.749,-7.989,12.319,-5.953,17.731
160.29882,40.212,4.164,59.735,-41.027,28.271,-16.576,6.359,-10.806,2.49,8.743,-13.736,15.13
160.69991,45.926,5.234,-15.131,22.541,-11.335,-40.412,18.165,-1.693,-13.599,6.272,-20.66,8.335
161.29107,37.406,-50.429,-35.128,60.033,-38.572,-35.073,14.979,-17.355,-24.094,-10.577,-28.332,19.41
163.43474,29.788,-167.774,-26.45,-19.531,-11.558,-49.949,5.274,8.522,-11.039,10.775,0.008,2.979
163.55356,29.535,-137.639,-19.75,-38.145,-0.632,-35.055,7.049,18.888,3.469,-5.408,6.037,4.228
164.77329,30.383,-191.334,-66.827,-57.211,14.148,-25.713,-11.595,-19.691,1.334,36.534,-1.647,12.184
164.89125,32.428,-195.243,-70.511,-66.622,2.844,-34.832,-26.084,12.601,16.601,-4.578,-2.114,2.441
165.44989,32.689,-134.652,-33.191,-63.351,-18.083,-26.02,-1.349,-4.179,-4.075,2.703,-4.515,-5.87
165.98789,33.296,-130.742,-5.489,-48.256,-15.817,-22.533,0.653,8.527,-15.121,-11.423,-8.87,17.841
166.2546,33.356,-121.521,-11.568,-22.723,-24.351,-33.378,21.594,0.196,-3.855,-10.421,-1.332,14.201
166.54494,32.192,-110.343,18.837,-5.104,-20.756,-31.688,46.612,3.363,-7.908,-4.813,3.177,16.245
167.06961,31.672,-88.579,34.114,1.445,-19.417,-26.563,36.213,10.09,-7.452,-8.763,-6.928,-4.552
168.24671,33.382,-15.294,73.421,24.744,-24.404,-35.443,42.479,-2.039,-27.911,3.358,-0.209,-0.302
168.58825,35.342,9.725,102.415,-23.821,-12.115,-5.549,15.252,21.224,-27.705,-19.308,0.736,-3.229
168.88467,45.474,20.784,26.629,-42.175,3.51,42.032,17.896,15.2,-19.159,8.864,34.999,11.147
169.20404,45.455,30.622,-3.045,6.751,-34.752,-23.772,-28.774,-13.811,-9.249,1.84,-15.293,11.81
169.69683,43.345,-30.804,36.915,-14.858,-22.44,-39.674,-0.135,-10.076,-26.623,-0.232,1.222,13.093
169.82912,44.016,-9.203,53.435,-6.901,-17.091,-26.268,9.905,11.101,-22.561,-19.962,-2.299,15.685
170.23615,44.185,31.199,40.702,4.108,12.045,25.502,34.379,0.796,-9.845,-25.56,-24.883,18.366
170.75973,41.426,17.88,51.073,7.381,0.23,-33.99,10.342,-1.324,1.76,-0.503,-3.186,22.637
170.96177,38.736,-7.314,38.592,-25.682,-1.451,-24.877,-0.808,-2.562,-3.616,-1.393,-2.243,8.757
171.29887,42.389,17.187,45.217,10.432,47.136,-48.635,14.179,-25.149,4.617,-3.372,-16.377,19.506
171.57315,43.625,-1.505,41.923,-72.109,29.4,-9.738,25.517,14.288,-10.557,2.853,-16.049,18.302
171.98286,43.576,-3.682,-23.55,77.88,-14.77,-46.275,11.448,-6.906,-19.853,-7.2,-34.404,9.091
173.60449,31.219,-64.278,-15.402,-5.385,-35.228,-54.906,2.414,-4.163,-23.972,8.627,-18.182,-0.685
174.37624,33.052,-79.698,-62.201,-61.908,20.0,-25.738,-11.585,11.659,-0.597,-19.486,9.854,4.309
174.71211,33.481,-53.585,-41.487,-32.898,5.218,-34.447,-15.22,2.957,0.857,-9.138,-1.769,4.846
175.40603,32.596,-29.394,-4.184,-48.836,-7.903,-36.606,-19.696,3.536,-17.401,5.195,2.26,2.076
175.68748,35.72,-59.031,-17.399,-55.43,-1.931,-14.972,-13.801,-34.261,-13.778,28.35,-11.843,10.439
176.15841,39.964,-35.688,-18.238,-98.492,11.624,-7.036,-42.481,0.051,6.086,-25.151,1.583,-2.738
176.55855,42.722,-2.735,-13.638,-27.388,21.012,-42.612,-51.257,-10.711,-15.649,-1.551,19.021,-1.528
177.24422,43.63,16.681,-13.224,-34.124,4.159,-31.016,6.362,-9.35,-9.701,-9.373,-5.622,-6.981
177.44018,43.653,55.937,-28.299,-12.87,6.89,-56.728,-2.188,-31.883,-20.01,13.05,-3.252,9.06
177.87202,42.146,4.41,9.358,-38.526,12.797,-34.555,8.032,4.112,-11.988,-16.295,-1.816,-2.712
178.11397,43.559,64.873,-2.54,14.548,19.608,-20.999,4.061,-37.91,-10.051,-14.802,9.646,3.773
178.29438,43.041,37.307,8.565,-20.483,36.417,-40.047,-10.511,-35.634,-30.162,-1.796,5.374,1.38
178.47442,43.931,49.227,18.202,-13.664,27.169,-30.805,-22.21,-13.074,-22.669,0.06,-11.693,3.442
178.81705,45.47,86.45,29.721,7.912,22.779,-62.514,-29.734,-42.376,-23.716,23.585,-11.145,8.155
178.98499,45.102,68.328,19.044,-10.009,45.516,-51.678,-19.353,-16.265,-50.087,4.681,-0.582,2.005
179.26385,44.864,39.436,46.96,-9.082,32.135,-30.835,-18.404,-6.893,-39.169,-3.688,-13.794,2.587
179.49633,46.804,114.026,24.765,-14.129,48.655,-32.666,-33.474,-13.593,-15.583,-9.459,-13.831,20.196
179.70508,43.932,80.596,55.332,-59.053,28.075,-16.771,-20.144,34.579,-4.639,-30.066,-12.937,-0.728
179.83841,49.187,59.08,-63.905,-13.584,-5.725,-81.366,-30.429,-7.024,-14.559,6.389,8.746,3.065
180.01279,45.769,62.648,-97.261,-29.917,28.277,-69.69,-18.763,-18.264,-36.674,22.911,-20.662,3.933
180.18109,50.817,127.796,-41.12,47.688,-13.109,-65.065,-18.962,-9.078,-27.393,7.132,-23.029,18.784
180.29134,45.807,98.42,-59.955,-56.567,1.048,-37.06,-24.362,16.658,-13.236,11.621,-15.597,11.797
180.69166,47.519,75.444,-92.851,15.235,4.883,-102.24,-34.846,11.579,-21.656,4.825,-0.589,-6.509
180.86694,49.298,139.123,-50.353,75.539,7.36,-89.022,-24.194,4.443,-21.621,1.477,-14.877,6.692
181.20862,46.987,56.877,-82.861,26.681,5.096,-102.793,-36.72,-0.608,0.136,2.899,-20.642,-13.77
181.31882,42.62,84.667,-87.326,-61.723,5.961,-34.819,0.724,10.503,-1.914,6.797,-21.299,-12.999
181.55134,49.245,122.22,-61.652,80.901,-1.403,-85.244,-12.411,-7.397,-17.764,3.865,-34.515,8.514
181.71991,42.701,125.827,-96.537,-28.866,2.71,-65.053,-8.202,-36.2,-11.362,27.199,-12.294,-1.086
181.81152,44.043,137.337,-72.251,-34.744,7.844,-66.202,9.679,2.503,-23.874,13.768,-11.929,9.143
181.9746,43.591,116.11,-54.666,-32.048,4.867,-53.594,12.012,-10.9,0.189,7.354,25.075,-7.84
182.06159,46.389,78.628,-85.35,27.972,9.465,-114.423,-20.133,24.79,-27.328,-2.418,-5.675,-9.804
182.22789,48.964,147.874,-41.511,96.028,11.42,-65.936,-7.658,5.339,-19.854,5.778,-22.949,5.954
182.40744,42.824,134.414,-50.549,-42.592,27.888,-74.886,28.01,-15.451,-31.462,40.922,-15.9,10.211
182.57261,47.311,43.977,-96.817,30.132,10.778,-97.858,-20.641,1.034,-19.07,5.916,-4.926,-8.082
182.74685,43.813,95.574,-108.463,-44.278,11.298,-76.788,6.676,-28.618,-22.462,26.101,-12.095,10.759
182.91524,49.694,118.659,-60.789,68.066,-4.571,-74.035,-0.169,-11.96,-15.956,13.171,-23.787,10.698
183.09048,43.803,97.605,-96.309,-32.206,13.916,-77.281,13.053,-32.245,-15.634,32.12,-13.516,-1.518
183.18277,44.47,112.09,-86.352,-36.997,14.725,-74.373,14.971,6.353,-19.831,15.091,-23.246,7.456
183.35587,45.283,98.057,-36.607,-84.397,1.872,-97.624,21.807,-19.354,-15.574,29.812,24.641,3.609
183.43125,46.836,63.896,-85.481,11.191,7.743,-124.262,-11.466,12.246,-28.799,2.966,-3.731,-3.358
183.60041,49.825,127.517,-48.623,84.36,5.515,-76.785,5.24,-7.38,-18.845,1.181,-33.643,6.334
183.76912,43.585,119.096,-72.567,-25.867,17.375,-74.487,29.655,-17.446,-28.238,21.588,0.613,-6.716
183.94431,46.205,57.212,-87.435,39.982,11.907,-117.249,-13.51,12.543,-21.157,-2.228,-6.016,-12.098
184.11415,41.453,125.814,-84.383,-25.49,25.082,-83.588,24.16,-21.617,-25.057,32.677,-22.554,-1.86
184.2844,48.522,138.656,-42.313,99.698,9.062,-87.655,-13.197,2.077,-18.078,3.635,-33.375,5.603
184.45088,41.173,134.038,-79.822,-9.234,24.025,-72.062,40.076,-44.347,-30.735,22.695,-15.293,4.894
184.54898,42.449,158.424,-64.203,-25.622,19.201,-74.452,28.529,6.103,-20.858,14.05,-13.998,12.173
184.71728,40.593,115.158,-75.813,9.33,18.275,-75.281,32.79,-16.314,-19.442,11.697,2.01,3.562
184.78748,45.621,88.078,-111.101,58.986,18.529,-90.315,-21.803,39.707,-22.133,15.379,10.909,-9.694
184.96222,47.864,164.571,-51.816,107.471,15.223,-80.499,-7.693,18.226,-14.335,4.462,-6.437,0.365
185.30726,46.145,55.462,-111.713,53.217,16.255,-104.532,-33.327,12.999,-10.682,4.824,-4.807,-14.245
185.47991,41.481,109.561,-130.375,-37.847,25.712,-80.549,-18.648,-28.13,-24.348,27.35,-8.586,-4.589
185.64544,48.345,128.827,-75.495,93.262,9.105,-21.906,-14.049,3.755,-17.473,7.735,-5.964,4.474
185.82422,40.977,122.427,-124.115,-28.694,17.112,-75.058,-24.889,-41.246,-29.783,24.88,-14.929,-4.109
185.91923,42.579,144.529,-93.432,-24.801,15.359,-79.687,-8.668,13.933,-27.733,6.719,-18.639,13.149
186.07315,42.179,121.349,-61.919,-30.265,21.11,-45.411,37.499,-12.675,-7.768,4.794,42.408,-2.469
186.16376,44.86,80.932,-115.53,47.02,15.051,-132.605,-30.712,37.509,-14.283,-2.904,-7.366,-6.934
186.33569,48.369,155.603,-48.046,115.939,10.874,-73.174,-15.882,18.188,-18.212,0.496,-39.722,2.246
186.50259,40.435,156.477,-88.285,-39.655,21.262,-71.39,9.577,-33.701,-28.067,28.755,5.224,-2.901
186.67605,46.693,22.872,-120.144,26.584,33.54,-113.112,-36.824,-10.454,-17.189,5.696,-9.057,-6.302
186.85107,44.058,44.965,-144.501,-49.139,54.617,-88.868,-47.727,-35.491,-15.861,33.142,-9.821,-9.362
187.01977,49.763,98.101,-89.257,68.736,3.622,-74.69,-40.994,-13.079,-24.242,5.634,-35.626,12.258
187.18549,42.65,89.632,-139.584,-38.767,31.637,-73.414,-27.053,-43.734,-26.534,20.205,-7.112,-8.261
187.28639,43.666,115.053,-104.85,-50.504,17.381,-88.14,-12.186,-2.435,-22.412,8.58,-10.623,7.262
187.52431,46.002,63.862,-136.141,45.755,27.233,-85.591,-32.089,18.378,-15.634,16.844,10.043,-6.245
187.69828,49.638,121.815,-90.633,87.149,-3.575,-52.691,-21.707,2.452,-19.409,4.677,-25.279,3.548
187.87501,42.285,108.878,-129.104,-64.338,21.979,-85.558,-13.241,-40.368,-26.12,27.038,5.059,-3.516
188.039,45.718,52.484,-126.259,56.295,13.699,-107.938,-33.038,18.671,-9.064,2.577,0.042,-14.485
188.21683,41.742,101.141,-138.339,-30.964,30.3,-81.732,-15.866,-25.786,-23.746,27.536,-9.342,-6.531
188.38503,48.778,131.977,-73.477,98.927,-3.53,-64.163,-16.104,7.031,-19.817,7.1,-30.933,6.258
188.55828,39.884,130.856,-143.355,-21.262,14.33,-80.967,-11.216,-37.089,-24.004,28.964,-17.839,-0.722
188.65238,42.609,148.81,-96.949,-33.951,7.963,-75.199,5.095,14.18,-29.055,14.405,-17.183,15.59
188.80327,41.28,105.958,-97.93,-12.12,22.848,-19.729,31.061,-1.124,-12.208,-8.124,-8.345,5.485
188.89556,45.36,81.086,-132.321,60.732,22.75,-106.828,-30.985,43.028,-19.065,12.374,2.362,-8.047
189.0654,48.16,148.946,-67.186,106.638,11.199,-22.266,-8.292,18.939,-15.701,10.795,-13.489,-0.814
189.2419,40.864,146.148,-91.116,-51.92,19.397,-81.881,21.508,-34.468,-35.379,34.917,-4.51,4.838
189.40939,44.809,69.421,-124.784,67.875,12.465,-119.545,-33.944,35.473,-16.314,-7.899,-4.954,-9.427
189.58508,38.853,152.445,-123.238,-26.763,15.903,-90.49,-0.571,-25.621,-27.293,28.354,-6.694,5.65
189.75374,49.641,95.707,-113.775,60.813,-3.625,-76.279,-31.196,0.116,-19.551,18.849,-23.885,10.694
190.02308,44.57,89.727,-120.939,-43.649,15.811,-83.554,-17.28,0.345,-33.04,5.318,-24.422,15.921
190.1912,42.83,82.211,-105.683,-38.486,9.171,-95.788,-8.335,-20.69,-19.58,14.212,17.039,8.814
190.26712,46.596,46.31,-138.403,24.438,14.349,-115.683,-24.018,9.461,-21.463,7.72,0.05,-5.574
190.4395,49.181,123.687,-97.513,79.034,-2.505,-92.36,-20.06,5.482,-20.18,-0.799,-22.525,4.252
190.78132,46.783,21.109,-120.981,20.096,31.984,-117.946,-38.528,-13.846,-16.31,4.621,-12.359,-5.581
190.95238,43.37,54.743,-148.641,-38.301,52.401,-95.702,-48.527,-24.352,-17.225,29.085,-12.444,-6.181
191.12376,49.326,108.903,-80.989,77.553,2.037,-80.142,-36.87,-10.345,-23.038,5.794,-38.069,13.523
191.29111,41.721,88.46,-150.686,-26.96,38.981,-75.841,-39.874,-51.988,-18.404,24.546,-12.632,-10.452
191.38259,44.382,100.056,-108.317,-43.123,35.512,-72.98,-27.236,-8.481,-25.428,11.198,-2.36,8.127
191.63388,45.746,57.745,-131.715,30.967,33.349,-126.13,-43.302,17.002,-16.573,2.347,-9.729,-3.629
191.80381,49.111,126.423,-71.716,91.277,14.406,-56.741,-35.004,1.712,-23.688,0.967,-33.34,10.708
191.97891,41.527,121.78,-109.444,-54.357,34.036,-87.654,-22.428,-41.058,-27.727,27.138,4.493,0.299
192.1454,45.735,47.102,-130.018,54.734,21.081,-110.351,-40.155,16.652,-10.854,3.527,-6.495,-12.481
192.32113,41.355,103.757,-140.652,-32.033,32.605,-84.722,-22.188,-29.629,-22.17,30.318,-11.304,-2.169
192.48517,48.802,131.498,-69.608,100.881,4.852,-73.557,-24.101,4.439,-17.795,5.286,-35.89,4.383
192.65937,40.42,113.715,-122.42,-18.226,29.731,-77.767,0.208,-47.975,-20.842,34.422,-23.384,-7.268
192.75048,42.764,133.207,-94.325,-29.595,30.486,-61.743,7.033,0.455,-25.367,11.517,-4.927,4.947
192.92163,43.554,104.131,-48.886,-60.259,21.7,-101.376,12.013,-24.931,-15.269,25.231,45.335,-9.112
193.00141,45.441,75.771,-106.619,39.493,13.372,-130.315,-25.466,31.986,-34.555,-6.576,-7.082,-9.534
193.17433,48.489,147.901,-48.619,104.284,7.926,-73.015,-7.461,6.613,-21.118,-0.542,-38.286,7.618
193.34608,41.761,131.285,-70.544,-37.812,34.181,-77.029,31.054,-19.572,-37.075,39.307,-19.248,10.394
193.51338,46.836,27.627,-115.582,32.58,13.85,-110.206,-25.428,-10.82,-23.603,-1.874,-13.152,-3.694
193.62118,42.958,19.979,-124.942,-82.375,43.037,-51.932,-0.02,12.845,-26.789,1.173,-17.782,2.989
193.85896,49.926,103.629,-75.802,68.36,-3.629,-79.029,-9.661,-14.753,-20.743,5.386,-32.93,17.516
194.02794,43.382,80.9,-121.699,-17.941,30.75,-73.075,12.513,-44.418,-15.374,16.879,-16.068,4.275
194.11537,44.117,107.65,-106.302,-28.014,25.414,-50.996,14.377,2.499,-17.878,5.394,0.666,7.62
194.28812,43.209,88.045,-79.531,-29.154,18.549,-82.154,28.321,-16.314,-15.446,18.18,28.414,3.082
194.36893,46.433,65.668,-101.518,29.117,17.993,-119.313,-9.571,19.861,-31.731,-0.376,-1.068,-4.115
194.53986,49.287,135.729,-45.229,89.584,6.856,-84.772,4.121,-5.11,-19.344,1.037,-35.426,1.461
194.7107,42.813,126.504,-77.208,-29.335,24.414,-83.136,31.49,-23.024,-32.208,26.462,-3.256,-11.085
194.87805,45.997,56.951,-106.625,59.024,12.881,-103.636,-19.567,22.662,-25.437,-0.53,-1.943,-11.896
195.05306,40.564,129.33,-103.462,-19.024,27.829,-79.676,21.742,-23.769,-26.396,30.144,-11.64,1.652
195.22118,48.551,139.314,-53.902,104.264,11.74,-67.031,-8.844,7.265,-20.86,5.463,-32.95,9.575
195.39596,40.757,131.532,-98.907,-16.41,20.274,-79.173,27.244,-38.061,-35.598,28.572,-14.031,12.216
195.48821,41.665,151.461,-94.681,-11.358,16.379,-77.8,11.709,13.263,-22.525,10.19,-31.702,17.004
195.66435,40.735,116.892,-73.324,-14.995,13.486,-104.052,20.049,-14.837,-15.653,21.241,-6.307,4.297
195.73329,44.919,84.262,-125.557,65.405,19.615,-105.181,-29.865,41.865,-21.776,7.024,-4.714,-2.582
195.90889,48.13,156.146,-51.535,118.071,9.758,-69.973,-14.742,19.144,-19.475,-0.379,-36.528,2.768
196.08181,39.901,161.292,-83.734,-51.667,17.852,-88.442,17.469,-37.028,-29.365,36.291,-6.596,0.955
196.25138,45.423,51.144,-128.417,52.442,21.344,-120.446,-36.01,20.919,-15.667,-3.566,-6.811,-8.419
196.41986,41.178,105.08,-143.959,-24.193,38.329,-72.996,-19.681,-30.713,-16.979,22.821,-4.548,-5.86
196.59206,48.411,131.702,-74.185,95.095,0.923,-79.577,-34.31,3.99,-22.756,4.769,-38.931,6.099
196.76658,40.031,118.528,-138.126,-17.443,24.071,-80.537,-26.961,-40.224,-24.696,27.552,-23.277,-1.096
196.84916,42.172,136.718,-100.35,-29.341,26.087,-45.994,4.611,-2.632,-20.109,9.661,23.455,-0.362
197.10268,44.83,87.039,-133.508,65.297,19.776,-121.532,-43.26,46.501,-17.337,-0.268,-7.33,-7.89
197.27719,47.836,157.708,-57.302,112.548,6.617,-79.867,-25.734,19.136,-20.38,-3.063,-44.023,0.313
197.44703,40.002,160.081,-93.708,-51.218,20.225,-84.103,7.347,-40.666,-31.605,29.611,4.69,1.892
197.61356,47.482,14.548,-116.284,31.047,43.197,-92.6,-41.851,-16.047,-13.517,20.03,-6.652,-9.58
197.78794,44.177,44.287,-143.24,-40.842,59.012,-84.695,-38.753,-32.527,-13.171,21.772,-5.969,-13.481
197.95551,49.83,104.161,-80.188,79.963,9.235,-54.748,-31.827,-10.02,-18.133,5.952,-31.271,3.733
198.1283,42.029,90.479,-143.848,-28.496,39.419,-81.339,-38.907,-42.604,-16.685,23.025,-14.519,-15.717
198.22526,44.407,92.228,-105.264,-40.988,44.304,-70.55,-33.71,-9.782,-22.028,16.521,-16.905,3.582
198.39197,43.692,36.281,-104.401,-20.312,55.264,-71.233,-36.456,-35.364,-19.284,18.182,5.905,-0.798
198.4673,47.143,42.469,-115.546,21.696,41.923,-99.971,-37.458,-4.703,-22.799,12.696,3.184,-3.16
198.64132,51.042,96.986,-86.233,72.962,5.505,-63.045,-27.569,-14.669,-23.756,6.995,-35.146,9.033
198.81497,44.291,79.174,-123.879,-60.158,33.716,-82.885,-18.845,-33.59,-29.757,26.71,-3.387,-3.354
198.98245,46.406,55.049,-109.917,45.881,8.092,-112.111,-22.068,13.708,-24.093,-7.181,-5.675,-9.348
199.1542,41.979,109.821,-128.217,-20.356,14.839,-69.914,4.889,-20.82,-28.708,13.224,2.214,-0.985
199.32268,48.569,132.88,-71.897,87.687,0.775,-34.589,0.819,2.229,-18.441,10.722,-12.314,2.646
199.50005,41.025,125.489,-123.968,-29.465,6.193,-90.247,-2.696,-34.536,-40.43,21.409,-12.897,-4.158
199.59206,42.926,136.748,-86.66,-41.658,3.611,-85.144,11.382,-2.96,-25.911,10.126,-17.934,14.535
199.76694,42.321,108.105,-64.065,-35.31,8.203,-101.967,24.064,-12.447,-13.55,24.754,-2.948,10.849
199.83642,45.818,77.287,-108.752,50.425,15.562,-112.401,-23.042,29.42,-24.644,3.706,-1.769,-8.146
200.01088,48.275,148.664,-55.501,100.26,2.074,-75.178,-10.746,11.318,-22.04,-4.217,-40.109,0.835
200.17941,40.084,131.011,-108.385,-8.428,15.246,-72.477,18.754,-41.992,-24.932,18.232,-14.967,9.988
200.27977,40.362,113.48,-85.805,-19.988,16.954,-87.718,22.647,-4.93,-21.952,7.621,9.465,0.046
200.35537,42.507,158.792,-70.421,-32.681,10.303,-60.23,18.112,-30.346,-28.261,24.045,-19.506,0.697
200.69669,50.69,95.891,-89.378,36.553,-11.091,-78.764,-18.423,-14.131,-30.028,13.295,-21.342,11.065
200.95642,45.339,64.753,-100.359,-25.414,11.403,-88.69,3.665,-22.045,-35.021,15.086,6.372,5.643
201.04009,47.188,87.379,-84.158,-44.411,15.571,-51.764,12.838,-23.89,-38.023,21.019,-29.463,10.484
201.37506,49.562,78.659,-67.511,103.155,-14.302,-52.65,7.63,-42.627,-8.194,-4.93,-38.249,14.013
201.7156,48.477,54.6,-97.124,-0.304,20.631,-81.761,-39.026,5.183,-12.356,3.313,-8.88,-1.62
202.04608,49.914,115.603,-67.214,43.655,12.008,2.829,-11.53,3.385,-14.07,1.862,21.224,7.855
202.31302,45.417,107.019,-86.361,-41.99,28.685,-38.268,-10.338,-1.512,-21.901,-4.256,9.27,3.671
202.5644,47.574,76.963,-90.968,18.091,14.413,-59.901,-19.301,11.504,-23.767,13.759,19.759,-8.03
202.74721,49.963,130.623,-49.367,75.844,7.607,-71.26,-29.795,-5.943,-25.288,0.842,-27.101,10.694
202.91302,43.586,119.477,-88.084,-34.586,27.442,-67.071,-15.934,-21.258,-19.998,9.433,-1.454,7.538
203.0873,47.324,65.138,-83.893,22.364,8.949,-105.619,-22.476,9.112,-10.56,0.108,-9.47,-11.697
203.26181,43.23,108.255,-100.369,-47.436,21.242,-82.092,-5.066,-19.188,-10.376,26.589,-12.353,-12.899
203.43166,49.06,133.878,-64.268,88.104,-0.902,-81.022,-15.735,6.58,-14.909,1.245,-35.049,7.549
203.59678,42.483,129.084,-99.251,-32.667,6.427,-69.906,6.491,-42.682,-22.879,21.574,-9.886,-11.221
203.68721,43.597,144.693,-80.862,-27.023,5.746,-54.391,18.614,4.449,-20.033,3.52,5.24,9.41
203.85129,43.245,123.3,-63.011,-27.216,4.533,-51.935,24.081,-18.554,-10.548,5.604,20.563,-9.385
203.94159,46.593,85.564,-94.998,31.696,15.829,-110.779,-22.969,33.077,-20.545,-1.033,-3.407,-10.649
204.10599,48.338,149.199,-54.121,91.226,20.381,-24.835,9.428,13.634,-16.356,9.278,20.895,-1.876
204.37914,44.175,109.401,-9.214,-60.754,14.724,-91.057,24.606,-34.751,-8.152,13.294,32.857,-21.826
204.4576,47.291,49.711,-105.481,17.002,13.776,-110.871,-23.459,5.211,-15.077,-1.988,-9.68,0.988
204.62417,44.346,99.112,-109.192,-40.549,14.632,-75.9,3.592,-21.581,-22.498,21.473,-7.629,6.214
204.79234,49.936,124.747,-59.574,69.776,-2.306,-65.073,3.087,-10.314,-16.794,10.343,-24.968,15.041
204.96839,43.701,97.482,-105.244,-26.025,25.495,-75.126,12.235,-33.48,-17.029,25.825,-15.336,6.102
205.06132,44.647,115.221,-88.721,-46.958,18.938,-72.98,9.059,5.454,-22.119,13.309,-18.961,10.614
205.22562,43.856,89.266,-88.388,-21.263,13.941,-53.861,18.645,-17.428,-8.098,7.72,5.127,11.892
205.30508,47.241,75.032,-93.182,22.845,14.382,-98.188,-7.676,13.661,-25.91,4.127,9.322,-2.055
205.48077,49.71,127.932,-49.292,78.552,8.463,-69.043,2.671,-7.622,-20.534,2.709,-29.439,6.772
205.65388,43.92,118.075,-77.235,-35.936,19.731,-82.633,17.269,-17.531,-31.45,27.446,-3.014,-3.451
205.82444,46.623,67.256,-97.21,32.651,9.138,-108.928,-23.104,21.166,-19.087,-8.259,-5.313,-6.201
205.99578,41.866,139.29,-94.083,-29.077,27.842,-80.265,13.046,-16.4,-16.743,27.969,-17.507,5.219
206.15361,48.103,145.26,-58.978,94.835,19.632,1.746,-0.823,13.201,-6.566,11.459,15.874,-2.224
206.3385,41.385,142.751,-79.297,-27.268,26.175,-83.221,29.594,-30.281,-29.229,33.374,-12.094,5.702
206.43351,42.175,163.586,-71.945,-24.113,17.034,-79.847,15.758,16.072,-14.654,14.068,-27.504,11.702
206.59651,41.524,133.388,-66.089,-13.769,18.995,-72.82,28.755,-11.556,-3.045,21.907,23.747,2.497
206.67247,45.915,87.638,-113.134,48.504,17.321,-108.707,-30.407,42.167,-17.064,3.909,-5.662,-0.334
206.84921,48.035,163.132,-46.528,109.607,9.976,-84.647,-19.374,16.81,-16.172,-2.508,-35.429,2.191
207.01628,40.313,170.607,-81.403,-46.182,16.525,-78.505,21.089,-34.451,-24.314,27.057,-2.719,9.704
207.19193,46.357,63.286,-111.182,31.389,18.136,-116.679,-37.409,12.093,-3.852,-3.29,-13.521,-13.021
207.36658,42.313,114.385,-116.785,-43.802,28.557,-89.533,-15.073,-18.964,-4.118,27.346,-14.187,-5.173
207.53283,48.573,134.62,-68.793,87.09,-0.734,-82.797,-27.16,5.893,-15.76,1.449,-37.342,8.629
207.70481,40.876,132.471,-126.536,-31.91,16.707,-75.283,-15.914,-38.913,-22.641,25.517,-9.107,-4.093
207.78662,42.581,146.567,-101.936,-27.132,16.411,-33.958,0.794,14.627,-16.096,6.3,14.748,3.508
207.95134,41.688,115.929,-99.204,-10.711,27.418,-26.371,8.051,-6.568,-2.16,3.238,7.54,0.717
208.04095,45.427,91.913,-124.57,54.961,22.511,-99.598,-31.172,46.185,-7.951,9.998,6.408,-7.252
208.21551,48.293,157.642,-50.866,112.742,13.008,-69.331,-14.686,20.771,-15.36,3.13,-32.36,2.148
208.38816,40.667,162.825,-84.605,-53.956,25.361,-87.482,5.846,-34.574,-22.299,32.495,-4.237,-2.672
208.55374,47.263,40.032,-124.502,21.462,29.02,-103.366,-44.627,-2.135,-2.577,7.142,-4.019,-5.323
208.73156,44.797,57.703,-140.729,-55.882,56.559,-78.363,-49.481,-33.943,-8.433,27.628,-9.201,-2.954
208.89592,50.52,92.448,-84.514,61.869,12.451,-65.22,-44.021,-16.446,-21.717,7.26,-34.08,19.033
209.0727,43.178,66.564,-149.607,-34.469,46.486,-85.542,-53.73,-46.275,-6.297,27.146,-14.07,-8.124
209.16009,44.712,100.555,-114.21,-39.945,30.426,-67.821,-25.899,4.078,-17.357,8.345,7.597,2.52
209.41079,46.003,76.641,-124.978,39.373,22.61,-107.7,-45.031,25.987,-10.761,2.618,-5.074,-6.019
209.5839,49.322,131.031,-69.091,90.22,8.391,-73.949,-32.793,4.231,-22.765,0.364,-38.016,9.5
209.75061,42.206,121.951,-112.896,-62.881,32.088,-72.751,-22.216,-40.184,-26.177,24.56,5.213,-1.519
209.92698,46.143,62.357,-120.405,34.332,14.613,-119.574,-34.445,19.371,-3.111,-5.558,-6.947,-4.068
210.09483,41.843,118.54,-141.419,-37.161,17.344,-74.92,-9.475,-20.568,-12.717,23.6,-6.246,7.697
210.2688,48.835,137.064,-71.332,91.641,-4.712,-84.88,-18.044,9.567,-14.797,5.496,-39.163,9.055
210.44259,40.174,137.244,-136.885,-34.583,8.916,-82.151,-12.204,-33.085,-24.149,31.303,-17.834,3.662
210.52993,42.895,147.642,-95.076,-37.478,10.434,-77.335,7.233,2.346,-21.122,11.411,-0.242,7.4
210.76785,45.365,94.329,-131.859,55.97,21.218,-49.899,-23.409,49.424,-15.96,20.045,30.961,-8.706
210.95084,48.018,154.329,-60.889,104.269,2.257,-83.324,-19.347,21.425,-19.021,-1.254,-42.799,2.737
211.11991,40.716,159.725,-99.007,-58.803,15.286,-85.079,9.686,-34.919,-26.137,27.681,1.281,2.339
211.28785,45.647,81.835,-124.761,61.178,8.247,-103.952,-45.713,44.367,-7.263,-2.614,-5.82,-7.879
211.4634,39.552,167.417,-121.479,-32.199,13.615,-78.611,-5.766,-18.116,-17.587,22.828,-10.771,8.456
211.63143,49.744,102.925,-109.221,57.918,-3.923,-69.461,-29.67,3.182,-17.889,20.029,-21.022,12.124
211.90059,44.468,102.803,-130.532,-44.046,13.822,-76.613,-32.439,8.586,-17.38,7.705,-22.967,8.719
212.0649,42.79,86.447,-123.032,-22.86,18.502,-60.78,-7.81,-15.092,-6.409,7.257,19.618,11.074
212.14485,46.756,56.226,-145.394,23.425,12.971,-105.289,-35.925,18.681,-9.046,11.279,-3.927,-6.774
212.31995,49.331,127.392,-96.903,75.749,-2.197,-88.12,-21.276,10.906,-17.998,2.781,-20.467,5.565
212.65773,47.155,38.902,-119.12,16.264,32.025,-108.791,-43.475,-3.447,-3.868,3.701,-10.126,-2.963
212.82762,44.535,55.293,-148.958,-43.453,57.944,-69.177,-48.92,-25.699,2.0,20.224,-0.327,-0.233
213.00268,49.632,111.821,-81.22,70.565,3.833,-78.008,-39.96,-5.486,-22.629,-1.161,-34.638,10.717
213.1712,42.293,103.664,-143.2,-43.288,36.128,-75.449,-44.235,-39.164,-16.271,23.788,-3.549,-13.686
213.26943,42.782,78.536,-111.893,-15.297,23.405,-88.594,-30.981,-25.416,-14.172,20.326,-15.405,21.554
213.34127,48.205,88.687,-7.917,-103.738,34.494,-8.852,36.06,-62.157,-37.26,31.264,-14.324,1.272
213.51293,51.908,28.008,-14.94,59.126,35.214,-64.951,30.314,34.503,-44.183,10.206,-36.445,9.875
213.68816,51.854,101.401,-9.796,43.582,23.512,-73.479,5.34,-39.226,-33.266,6.762,-17.806,10.233
213.85732,47.697,73.067,-39.796,15.739,50.389,-68.232,16.772,7.994,-35.717,15.722,-19.373,11.299
214.02993,48.186,45.051,-80.889,5.175,13.554,-109.543,-9.724,-3.664,-15.667,0.253,-6.605,-4.059
214.11383,45.488,68.078,-80.956,-20.772,17.066,-32.8,-18.439,30.183,-0.049,-10.704,-23.621,-23.412
214.3634,49.378,121.793,-61.165,85.576,18.733,-25.496,-6.163,-0.992,-8.801,7.134,-5.499,-0.906
214.54363,47.414,96.089,-21.284,-49.047,61.974,-30.008,47.77,-19.324,-29.126,51.864,-19.845,-22.564
214.88317,49.455,44.815,-38.551,15.281,46.531,-99.442,26.695,5.484,-24.117,11.059,-18.255,-11.8
215.05333,49.288,138.986,-36.274,94.389,20.173,-69.71,1.477,-1.027,-15.379,5.12,-28.558,6.813
215.2258,44.595,106.463,-37.824,-69.913,53.05,-60.213,18.345,-45.887,-31.022,53.2,-15.354,-17.794
215.39256,48.828,32.719,-87.292,5.453,18.6,-99.609,-26.604,-5.597,-12.794,5.351,-7.521,-15.258
215.56821,46.511,53.191,-101.545,-48.522,36.825,-81.928,-8.984,-28.104,-5.332,22.326,-12.345,-9.653
215.73714,51.259,91.807,-57.515,56.851,19.163,-66.553,4.523,-25.096,-6.912,18.711,-41.261,-0.487
215.91265,47.971,82.684,-36.571,-65.067,48.946,-59.925,44.783,-20.916,-19.369,38.728,-20.041,-13.127
216.24961,48.585,53.143,-69.007,36.011,39.074,-99.422,5.143,25.013,-12.925,14.478,-17.616,-20.045
216.42195,50.07,130.999,-36.913,74.738,24.59,-87.563,1.421,-4.879,-17.67,11.194,-29.237,-5.2
216.76358,47.795,63.937,-83.694,21.348,32.708,-112.369,-2.471,-3.793,-14.097,-17.83,-6.999,-13.414
216.93828,45.071,81.155,-55.646,-4.926,78.488,-88.084,23.865,8.273,-6.298,32.257,-24.44,-2.579
217.09129,49.304,119.799,-39.435,62.682,46.193,9.157,9.542,3.162,-0.663,2.616,23.857,-21.807
217.35134,44.25,115.774,-68.734,-28.242,49.281,-25.252,11.346,13.42,-1.734,-2.919,12.0,-11.426
217.52467,43.735,80.181,-66.522,-12.128,62.829,-40.552,17.012,-19.067,12.385,2.015,2.477,-22.64
217.61161,46.328,94.9,-105.375,36.817,22.7,-101.187,-25.164,44.611,-11.847,13.154,12.114,-10.71
217.77995,48.412,156.628,-47.914,104.967,21.206,-25.753,0.083,15.569,-13.719,14.149,-3.683,-3.416
217.96181,41.563,153.32,-67.107,-39.489,33.397,-88.784,33.649,-22.164,-17.798,31.774,-4.709,8.673
218.13093,46.172,68.828,-101.158,48.53,30.125,-108.19,-35.763,23.755,-2.129,-3.057,0.063,-9.469
218.3024,41.732,128.171,-88.14,-28.259,58.927,-79.42,-25.457,-22.45,-15.715,26.005,-8.018,1.99
218.47084,48.966,139.601,-23.04,96.957,36.189,-72.589,-29.187,-8.191,-19.827,5.752,-26.011,18.36
218.64472,41.137,125.639,-80.522,-9.537,69.094,-82.029,-30.898,-30.926,-15.459,35.672,-8.198,-6.744
218.73773,42.998,146.26,-43.91,-28.072,53.649,-78.028,-14.168,-3.692,-20.556,9.356,-4.945,7.207
218.98163,46.169,84.36,-99.031,40.563,27.944,-110.722,-24.383,28.033,-12.398,6.32,9.46,-6.756
219.14989,48.059,163.441,-7.568,115.482,50.899,-41.885,-27.272,5.306,-15.356,3.723,-13.728,-3.592
219.32426,41.098,157.347,-33.483,-26.966,73.397,-71.142,-6.692,-32.887,-24.202,28.272,2.364,-10.905
219.4985,48.191,21.763,-96.98,8.284,50.239,-99.76,-51.424,-17.191,-16.651,7.658,-11.513,-2.023
219.66676,46.212,46.561,-99.914,-40.563,65.691,-65.727,-34.289,-31.588,-22.933,16.972,-1.843,3.934
219.84145,50.1,107.549,-57.712,65.709,23.285,-72.2,-45.811,-17.794,-25.345,3.656,-30.583,16.391
220.00966,43.815,81.041,-94.056,-16.436,68.406,-63.641,-24.796,-37.389,-25.735,22.441,-9.58,8.868
220.10118,45.19,104.377,-56.662,-37.994,62.968,-70.82,-17.763,-12.558,-22.464,7.728,1.265,9.614
220.34621,48.133,52.908,-77.861,16.608,50.589,-81.708,-22.712,-4.992,-30.04,11.312,14.824,1.335
220.51955,50.266,113.852,-23.649,78.994,51.766,-51.022,-50.5,-22.208,-33.531,-0.721,-17.321,20.186
220.69546,44.894,85.192,-48.879,-38.927,84.519,-73.216,-41.135,-28.125,-36.876,18.48,10.031,13.866
220.86209,47.749,57.811,-72.002,27.51,24.081,-93.705,-19.434,2.162,-21.353,2.624,-0.241,-8.374
221.04218,44.118,98.814,-66.127,-26.289,50.348,-76.565,-0.41,-15.682,-23.848,27.534,-21.028,5.237
221.20653,49.443,131.447,-32.798,84.907,23.137,-63.161,-17.55,-5.607,-18.232,3.196,-22.304,10.769
221.37878,43.281,105.234,-66.463,-20.303,48.131,-75.923,10.382,-36.592,-34.135,28.621,-11.157,-7.776
221.47075,44.496,126.588,-38.597,-25.318,44.783,-78.309,15.067,1.458,-18.22,10.56,-15.934,7.939
221.71556,47.036,75.622,-82.721,34.746,27.162,-100.446,-11.84,19.658,-21.316,8.975,7.148,-5.436
221.88952,49.031,149.323,-15.51,99.312,33.596,-71.403,-16.702,-1.48,-20.867,1.789,-28.25,1.51
222.05832,43.138,133.484,-23.85,-18.436,69.391,-62.116,17.48,-22.17,-23.342,28.565,0.89,-3.668
222.2322,47.515,83.11,-47.013,23.074,34.055,-101.106,-25.511,23.133,-9.978,-5.981,-1.057,-16.774
222.57497,49.028,146.419,14.741,89.612,49.911,-73.597,-34.783,-18.763,-24.186,3.125,-23.613,9.052
222.74893,44.731,136.714,5.735,-15.178,74.917,-50.87,-4.376,-10.931,-46.63,26.984,-13.766,10.655
222.91705,50.612,68.567,80.154,24.917,83.665,-28.439,23.894,-15.77,-55.44,29.726,1.021,-19.013
223.01587,52.177,65.654,57.898,-7.275,47.45,-38.707,14.553,26.04,-29.306,10.939,-21.397,16.625
223.24268,51.396,59.752,84.778,37.328,56.351,-8.572,7.755,3.882,2.533,-8.957,-26.554,11.492
223.52703,49.128,77.065,64.281,-109.114,29.578,-0.444,9.217,11.032,-22.124,16.884,-31.45,-2.387
223.93986,53.52,108.132,-25.742,39.082,20.617,-54.394,-9.842,0.894,-20.98,9.491,-28.784,-6.001
224.08417,49.11,95.633,-48.067,-33.795,41.66,-42.477,5.51,8.942,-16.606,-9.266,-9.649,-4.368
224.28172,50.01,94.106,-2.326,-58.98,61.672,-33.538,50.928,-24.522,-37.568,35.791,-12.811,-8.818
224.43324,52.027,54.914,-11.849,11.868,39.532,-37.972,41.674,12.947,-35.009,-8.428,11.805,-10.529
224.62404,51.529,120.203,-25.37,57.179,38.904,-69.143,-6.205,-2.222,-23.172,14.522,-21.254,6.785
224.96744,51.488,61.265,-32.271,5.418,28.147,-69.457,6.285,10.203,-21.167,8.894,-13.247,-7.479
225.3098,51.557,115.792,-29.008,53.325,25.913,-75.56,8.673,-12.994,-18.41,11.717,-18.874,1.983
225.47374,47.104,116.397,-44.932,-13.398,44.789,-62.502,49.652,3.039,-12.969,-0.602,4.798,2.51
225.81982,48.854,66.162,-66.535,25.367,30.04,-95.35,0.137,18.439,-30.577,2.567,-5.407,-2.995
225.98635,50.711,130.958,-18.236,66.633,44.906,-58.574,16.266,-13.493,-21.605,14.334,-4.907,-0.063
226.33723,50.486,58.786,-41.738,3.301,20.135,-74.722,4.469,10.262,-21.461,6.208,-15.857,-12.023
226.68014,50.806,117.732,-44.043,54.543,4.476,-85.155,-0.269,-12.793,-21.076,5.169,-28.565,3.144
226.84966,46.216,115.948,-66.489,-37.289,24.963,-70.608,19.554,-6.564,-37.185,13.639,-8.434,-6.255
227.19052,47.644,69.306,-90.483,14.269,17.542,-108.328,-11.254,22.634,-29.067,0.833,-9.418,-7.414
227.35519,49.49,134.269,-60.227,80.804,13.29,-20.605,5.804,3.715,-18.744,11.119,-2.542,-3.251
227.53234,43.861,123.236,-80.164,-43.13,30.016,-76.956,7.911,-16.87,-27.487,27.886,-11.853,-9.255
227.70027,47.245,67.027,-90.547,36.464,17.242,-102.022,-22.538,17.541,-11.637,-3.775,-2.039,-17.808
227.87528,42.229,132.929,-90.677,-30.812,30.841,-78.223,1.965,-19.755,-18.139,24.857,-23.557,-14.68
228.04354,49.003,142.558,-42.815,94.323,17.031,-75.514,-13.196,2.054,-12.996,7.464,-28.527,0.493
228.21737,41.489,139.917,-86.444,-11.288,24.934,-89.499,2.755,-21.257,-20.779,18.552,-12.33,-10.689
228.30966,41.777,129.556,-73.685,-9.12,25.592,-85.46,9.662,-11.875,-19.961,25.681,-16.724,-6.658
228.38558,44.633,135.779,-28.041,-25.48,32.618,-52.703,38.336,-11.388,-28.3,35.076,-12.251,-19.339
228.55379,47.669,77.731,-71.865,29.151,18.717,-94.72,3.163,23.115,-37.561,7.327,-1.279,-2.976
228.71664,49.483,148.113,-14.873,72.691,33.771,-11.448,20.82,-0.97,-10.894,12.241,22.749,-14.875
229.06707,49.72,88.64,-31.742,7.766,-7.83,-59.164,-16.516,14.162,-20.052,12.624,1.096,-35.355
229.41338,50.419,130.171,-24.31,61.933,1.905,-76.429,-13.322,-10.208,-12.134,5.721,-24.13,-13.042
229.57542,45.417,133.021,-57.49,-23.974,32.567,-64.673,14.853,-1.583,-12.424,3.915,-5.83,-32.826
229.839,44.722,108.712,-28.585,-13.603,18.276,-47.818,41.997,-17.321,-25.498,4.654,13.911,-20.212
229.92263,47.814,71.496,-63.168,20.815,21.36,-109.322,2.26,11.285,-32.025,-1.176,7.743,-12.024
230.09488,49.774,142.178,-23.455,95.654,22.662,-61.221,4.103,-0.267,-20.415,5.415,-23.156,-3.476
230.26739,43.555,132.042,-42.715,-23.213,45.126,-67.209,37.439,-15.727,-29.649,33.014,-17.168,-13.302
230.4405,48.099,33.153,-97.129,10.449,14.707,-107.125,-30.246,-6.488,-18.09,-1.375,-12.521,-8.486
230.61224,44.958,67.572,-108.872,-50.518,36.804,-81.445,-26.038,-23.495,-32.692,16.65,-18.071,0.439
230.77741,50.968,103.483,-70.895,61.902,13.093,-59.924,-31.454,-15.47,-24.199,7.313,-26.582,16.668
230.9385,44.866,65.553,-121.35,-32.846,47.741,-44.49,-25.938,-42.058,-20.696,-6.877,8.304,-8.753
231.04458,45.367,89.673,-98.817,-40.995,33.058,-73.109,-30.598,5.49,-25.563,7.077,-14.239,10.8
231.2059,43.702,83.266,-97.442,-21.073,19.682,-54.384,-5.869,-24.641,-17.931,3.96,11.856,-1.582
231.28916,47.253,60.908,-118.231,20.287,13.141,-99.255,-21.161,13.203,-26.363,10.311,0.377,-5.264
231.4571,49.968,113.298,-88.445,74.649,-0.935,-33.39,-9.735,-0.03,-20.458,4.948,-13.958,3.327
231.63855,44.263,92.631,-109.156,-62.51,29.664,-82.18,-6.069,-22.895,-25.227,34.843,-5.334,-3.08
231.80299,46.807,53.517,-110.91,31.117,11.573,-107.698,-25.149,13.478,-13.244,-3.668,-10.127,-9.997
231.98005,42.848,110.17,-116.011,-39.756,18.743,-80.974,0.031,-23.479,-23.39,26.418,-17.423,-2.316
232.13873,49.564,124.704,-68.059,85.612,11.767,-47.903,-8.722,-2.386,-10.742,11.985,-17.479,-2.821
232.32213,42.762,108.222,-106.741,-27.426,32.677,-91.71,-2.996,-22.614,-18.49,28.708,-13.328,-12.683
232.41433,43.887,126.468,-82.193,-45.041,27.356,-81.783,0.528,0.374,-11.862,18.485,-18.49,-5.178
232.65002,46.211,82.881,-112.291,50.702,20.788,-82.624,-18.729,31.988,-17.966,12.706,15.288,-10.257
232.82671,48.624,148.114,-61.99,100.484,9.328,-54.877,-16.866,10.951,-13.142,6.225,-24.081,-8.836
233.00186,42.301,127.093,-85.531,-46.334,41.593,-77.22,6.251,-31.005,-11.793,36.176,-7.169,-21.032
233.17483,46.278,68.37,-98.004,39.415,14.813,-112.375,-30.704,19.217,-8.581,-4.424,-17.326,-21.464
233.34544,41.848,129.312,-91.63,-26.955,33.229,-72.104,-5.616,-19.863,-16.938,22.055,-11.08,-16.34
233.51478,50.193,94.459,-101.164,43.241,-8.334,-82.39,-27.623,-1.103,-20.299,13.238,-23.693,11.454
233.77751,44.519,74.586,-124.344,-33.851,16.483,-91.312,-19.968,-4.79,-21.014,20.66,2.679,4.929
233.85846,48.814,61.988,-37.435,-48.384,26.932,-22.382,42.108,-12.038,-49.525,47.756,-18.25,2.391
234.02231,49.021,40.801,-78.573,5.737,32.079,-88.772,12.803,-6.696,-29.473,16.075,-0.92,1.966
234.19147,52.769,93.67,-24.647,29.474,-1.458,-28.607,38.084,-35.187,-24.608,5.038,9.09,-9.2
234.37084,48.618,68.549,-53.143,29.289,25.283,-78.411,22.507,25.915,-33.529,16.46,-23.7,-17.32
234.53941,53.628,58.215,-6.617,-19.626,9.161,-28.081,2.487,4.611,-19.039,4.445,-29.933,-3.765
234.81719,49.898,78.756,-32.788,-13.52,6.426,-12.387,-14.356,13.833,-15.021,15.188,-22.203,-1.174
235.32499,52.455,38.061,46.605,-4.67,40.547,-30.716,57.624,11.78,-32.122,32.939,-11.798,-21.243
235.56685,53.706,92.723,30.457,57.515,44.769,-64.26,37.295,-21.888,-27.094,16.5,-29.976,-1.7
235.91011,51.215,44.004,-22.859,10.334,32.674,-78.367,11.219,-1.676,-11.269,7.221,-14.743,-11.318
236.25138,51.411,116.169,-17.302,52.698,22.674,-75.908,2.997,-15.817,-13.787,18.255,-31.967,5.21
236.36163,47.659,76.113,-25.466,-39.552,31.89,-30.932,-1.498,27.501,-7.269,7.503,-13.015,-4.765
236.66095,47.151,49.333,-21.527,-10.345,49.868,-33.984,21.914,-19.276,-17.72,-16.933,-8.402,-28.775
236.75592,49.32,51.162,-47.706,16.974,34.945,-80.72,1.986,-1.097,-37.349,7.514,3.953,-25.421
236.93098,51.383,114.927,-7.305,62.94,43.812,-66.671,11.304,-21.122,-22.788,16.198,-15.015,-9.167
237.27188,52.052,41.949,-33.295,12.678,14.007,-63.188,11.775,1.372,-22.443,8.59,-11.867,-4.554
237.61501,52.696,87.357,-22.106,38.672,11.172,-60.958,18.426,-32.621,-19.891,11.913,-21.9,5.449
237.78948,49.386,71.658,-37.325,-20.306,39.809,-75.806,31.79,9.447,-39.11,11.339,-12.831,-10.809
238.11914,49.178,54.415,-54.301,21.665,26.044,-61.073,13.804,2.26,-41.245,8.838,12.547,-19.856
238.30231,50.892,120.63,-25.19,60.333,22.613,-75.287,4.387,-14.967,-29.146,11.309,-17.633,-14.171
238.64322,48.587,52.334,-49.807,18.573,13.143,-96.255,-2.063,1.768,-39.467,-3.087,-12.425,-29.496
238.79986,44.531,98.725,-52.126,-9.281,32.564,-46.171,24.714,-19.464,-31.865,-17.767,-0.588,-28.624
238.9858,49.68,124.122,-29.683,74.752,24.874,-77.052,-12.46,-17.749,-14.765,6.697,-29.316,-4.592
239.15283,43.654,107.18,-72.163,-13.559,45.818,-79.185,3.98,-28.972,-24.868,17.388,-15.268,-30.139
239.25184,44.271,122.854,-49.868,-36.942,37.871,-79.911,10.002,-3.232,-15.37,14.931,-22.312,-12.94
239.41887,43.555,80.222,-48.415,-5.111,35.733,-85.178,16.369,-28.864,-16.999,19.602,-11.972,-12.061
239.49061,47.336,70.877,-82.202,31.029,26.083,-80.718,-5.151,10.715,-29.559,10.898,13.409,-12.159
239.6688,49.807,136.167,-20.423,80.959,12.708,-84.515,-3.846,-12.537,-28.497,-3.95,-25.311,-5.26
239.83859,44.734,121.236,-38.941,-0.287,30.246,-71.823,24.428,-1.885,-45.401,19.425,-10.758,-20.029
240.01315,49.294,68.772,-35.406,-2.633,-22.706,-87.887,-14.843,0.719,-24.666,-5.855,-3.339,-31.646
240.11628,47.643,100.45,-7.372,-16.178,-18.099,-37.696,6.058,11.797,-3.808,7.525,-23.872,-42.125
240.35551,50.179,138.145,-19.388,62.467,7.646,-90.237,-2.044,1.084,-19.9,8.15,-24.501,-11.721
240.8605,49.108,69.972,-36.157,26.001,18.542,-84.787,16.719,10.59,-32.009,8.952,0.852,-21.773
241.03401,50.876,134.888,15.966,76.581,24.306,-63.917,29.053,-19.082,-24.389,10.83,-23.693,-9.085
241.20912,46.322,111.115,6.464,5.384,40.716,-77.351,58.538,6.727,-39.482,27.538,-18.676,-20.249
241.37896,49.257,25.815,-61.149,-2.083,24.066,-90.632,-22.537,-22.461,-36.817,3.366,-2.522,-7.912
241.55302,47.833,33.106,-84.548,-34.628,50.412,-73.631,-6.424,-23.06,-39.16,20.191,-12.476,3.461
241.72168,50.973,99.496,-64.329,51.177,1.748,-73.879,-27.647,-22.679,-25.083,2.923,-21.805,11.472
241.89392,46.015,107.654,-82.951,-43.107,20.577,-69.621,-17.211,-2.979,-29.697,19.906,-15.555,-5.644
242.14866,44.275,77.01,-70.373,-14.539,16.984,-56.01,-5.522,-29.69,-19.9,9.136,-0.942,-14.588
242.22639,47.786,62.223,-107.181,25.411,15.664,-72.625,-22.331,10.558,-26.414,12.325,12.744,-11.149
242.40104,50.637,108.099,-81.406,62.098,-4.224,-49.967,-15.238,-13.404,-26.341,3.015,-12.594,3.068
242.57719,45.806,71.728,-94.51,-62.262,23.503,-86.665,-14.295,-25.945,-44.665,23.828,-8.434,-5.722
242.74127,47.617,56.734,-91.815,38.111,5.315,-95.867,-17.232,9.802,-28.385,-6.406,-2.34,-10.631
242.91578,44.656,100.65,-77.753,-26.375,11.338,-65.538,18.773,-18.695,-42.672,13.606,-9.071,-7.202
243.0898,49.258,128.459,-53.646,75.916,-0.857,-87.801,-8.863,-6.367,-15.535,-0.681,-31.619,4.965
243.26014,43.865,104.295,-81.967,-23.123,15.045,-72.148,13.305,-31.934,-42.42,19.026,-18.327,-23.952
243.35188,44.301,126.485,-72.804,-28.523,11.959,-68.456,19.037,5.062,-32.584,11.767,-16.769,0.522
243.52671,42.762,97.958,-71.053,-14.905,11.245,-82.781,18.454,-16.235,-25.24,24.139,-13.45,-9.589
243.59683,47.123,74.14,-91.226,35.021,16.846,-95.587,-5.826,23.37,-27.575,5.897,11.152,-11.944
243.77156,48.992,144.614,-46.11,92.329,6.988,-64.697,-3.203,6.664,-23.754,4.05,-30.647,-2.043
243.9434,42.477,121.966,-71.821,-19.315,12.712,-69.831,22.706,-37.497,-53.412,21.261,-14.381,-9.532
244.04045,43.603,126.561,-58.116,-31.308,21.954,-63.254,14.607,11.665,-30.534,-7.774,-18.655,-0.697
244.20934,43.783,115.615,-45.443,-29.991,29.084,-58.945,18.879,-8.433,-19.452,-1.306,-14.88,-17.444
244.45356,48.709,153.963,-8.546,96.293,28.968,-71.815,-31.177,-2.029,-28.074,-3.677,-15.383,4.34
244.62254,42.34,136.596,-13.538,10.581,69.592,-53.597,3.614,-37.213,-43.901,12.408,-8.813,-3.293
244.71556,44.167,151.893,10.433,-11.44,69.48,-56.858,-11.495,-17.409,-41.252,5.224,7.015,1.997
244.95878,44.389,118.267,-0.496,23.925,76.889,-65.581,-14.468,-5.655,-36.911,-6.21,2.535,0.333
245.13955,47.891,126.77,22.775,121.738,55.505,-70.789,-38.086,-47.778,-22.615,-6.968,-22.601,12.442
245.4351,45.94,41.504,-6.853,-67.683,39.634,22.486,-5.046,36.097,-11.738,-8.738,-24.552,23.098
245.82435,50.513,109.923,-75.343,47.648,11.708,-76.481,-33.652,-8.55,-24.29,10.743,-18.266,25.073
246.08512,45.474,114.837,-91.556,-43.824,34.566,-69.761,-14.427,1.186,-19.024,2.032,1.786,22.646
246.32912,47.441,84.281,-100.742,26.107,27.173,-80.994,-20.888,24.714,-16.806,7.763,7.977,8.455
246.50726,49.338,138.015,-61.389,77.205,16.834,-94.285,-35.354,4.899,-17.748,4.308,-19.993,15.623
246.84866,50.639,64.011,-40.863,9.051,14.04,-84.831,9.868,17.787,-16.37,-2.008,-10.537,10.515
247.18998,50.687,124.757,-34.98,69.791,10.612,-69.638,15.825,-8.25,-13.245,6.955,-18.073,16.216
247.36254,44.605,92.27,-74.815,-5.189,36.58,-88.508,30.209,-20.638,-14.537,21.581,-8.835,15.923
247.45143,46.025,118.536,-48.821,-22.068,32.289,-61.784,44.011,13.813,-7.708,16.461,-1.768,23.505
247.69896,47.696,87.606,-83.172,23.434,17.222,-101.882,0.069,26.873,-10.686,1.773,12.215,10.058
247.87433,50.344,136.424,-21.467,67.318,35.799,-80.387,11.276,-10.456,-13.664,17.824,-19.609,5.533
248.21592,50.773,54.779,-46.355,-8.56,15.517,-76.395,-0.139,9.772,-20.882,5.075,-9.895,-7.423
248.55946,50.469,125.462,-49.294,61.904,-1.749,-75.772,-0.933,-0.899,-20.401,5.302,-28.979,14.246
248.72027,45.532,132.546,-74.844,-34.46,14.346,-57.316,27.902,-5.023,-20.049,2.625,5.933,6.132
249.06739,47.681,86.62,-97.715,14.627,8.931,-103.639,-23.25,37.269,-21.057,2.81,-2.006,-2.66
249.21977,48.506,139.393,-63.287,56.863,11.908,43.402,14.293,25.899,-6.069,-3.374,-3.48,-5.538
249.4127,42.842,143.821,-93.881,-54.23,15.564,-79.917,11.77,-22.476,-23.804,23.403,6.184,3.965
249.58549,46.631,91.819,-102.919,28.906,0.718,-116.555,-36.488,35.531,-1.908,-17.503,1.028,-3.658
249.75977,41.407,166.952,-103.069,-41.516,3.264,-84.537,-3.655,-8.573,-16.095,20.764,-12.836,12.231
249.92172,48.465,162.466,-59.32,103.023,-0.358,-66.711,-22.258,24.944,-15.266,7.111,-24.68,8.983
250.09673,39.847,173.741,-113.981,-30.66,3.194,-78.24,-3.552,-28.192,-21.809,26.44,-6.776,5.127
250.18884,41.935,181.928,-80.212,-26.536,1.471,-71.965,4.349,20.485,-19.681,11.452,-16.548,15.109
250.35728,41.563,154.353,-74.778,-11.261,13.509,-74.848,16.406,-5.818,-0.117,12.442,2.1,13.846
250.43329,45.975,112.226,-110.425,48.262,10.902,-96.458,-31.56,55.138,-11.839,2.438,7.731,-0.304
250.60821,47.879,175.01,-52.08,102.823,13.605,-89.503,-16.954,26.803,-14.81,-2.007,-10.407,2.583
250.94689,46.757,86.224,-107.736,29.213,15.751,-107.521,-37.893,29.385,8.496,-1.703,-5.256,-6.662
251.12385,42.326,146.609,-112.366,-57.606,9.086,-77.278,-11.94,-18.965,-5.838,26.152,-4.895,7.442
251.2951,48.404,144.565,-59.988,79.924,-1.18,-89.59,-20.198,12.379,-11.55,0.625,-36.312,7.251
251.46739,40.9,149.07,-118.51,-41.939,11.87,-88.81,-16.956,-30.5,-12.795,30.383,-10.549,-5.68
251.56168,42.767,163.039,-89.886,-35.845,5.323,-79.618,-9.997,12.591,-9.099,9.586,-23.034,7.982
251.72757,42.579,144.749,-73.561,-32.432,10.185,-86.699,12.256,-14.945,2.524,14.404,8.029,10.123
251.8024,46.191,102.15,-109.941,38.997,13.352,-107.826,-35.945,45.301,-4.439,0.88,3.153,-4.733
251.97805,48.427,163.945,-52.025,106.643,3.405,-84.113,-25.92,23.205,-16.027,-1.178,-38.198,0.143
252.14553,40.729,179.972,-84.71,-52.593,15.767,-79.021,13.446,-28.274,-21.299,26.79,2.1,2.349
252.31964,48.264,49.542,-115.046,0.618,25.015,-105.693,-50.598,-4.16,5.274,1.272,-10.244,-1.291
252.4932,45.328,73.024,-130.568,-64.841,46.337,-76.984,-56.613,-25.199,5.628,22.751,-9.607,1.736
252.66245,50.369,107.913,-77.021,57.202,7.682,-76.072,-44.046,-9.506,-19.918,3.519,-31.93,14.856
252.83034,43.691,78.516,-143.292,-42.152,51.713,-76.389,-54.707,-39.675,-2.12,27.769,-7.383,-2.126
252.91293,45.713,90.175,-110.427,-51.489,40.255,-33.062,-38.917,-0.435,-3.721,5.508,21.899,1.168
253.16585,46.916,84.217,-116.617,25.617,23.765,-93.492,-44.833,30.538,-6.723,5.937,6.147,-4.206
253.3395,49.279,143.426,-68.404,92.88,0.159,-65.109,-24.855,17.401,-20.014,3.167,-28.857,9.512
253.51683,42.359,141.383,-106.004,-74.991,23.697,-78.915,-16.155,-37.807,-24.622,27.965,1.25,5.798
253.681,47.21,75.44,-125.077,26.097,6.997,-102.795,-46.708,30.534,5.304,-2.764,-0.72,-0.265
253.85601,42.88,135.854,-132.979,-59.216,7.069,-76.873,-22.885,-17.891,-8.195,24.074,-4.163,7.818
254.02952,48.927,136.714,-74.504,80.1,-8.182,-91.95,-26.415,13.934,-12.729,-0.545,-37.446,9.14
254.20027,40.88,151.084,-135.944,-40.578,0.32,-82.029,-21.5,-25.229,-20.671,25.535,-9.845,-0.769
254.2941,42.967,160.345,-98.414,-41.658,-1.902,-75.501,-7.171,16.356,-19.261,11.256,-17.565,15.81
254.4585,42.519,136.295,-95.566,-23.432,8.983,-58.31,7.646,-7.336,-1.521,14.866,14.468,10.34
254.53746,46.459,100.092,-116.017,35.846,10.216,-101.487,-39.208,44.639,-5.848,2.095,-1.145,-1.039
254.71175,48.594,157.096,-58.719,103.372,0.109,-76.606,-22.59,24.44,-18.597,0.68,-36.246,5.187
254.8854,41.09,167.983,-91.086,-65.516,8.302,-84.991,6.04,-32.199,-23.374,29.996,-5.175,6.434
255.05451,45.786,103.611,-113.561,44.492,2.187,-114.062,-46.767,48.729,5.121,-14.345,-4.498,-2.797
255.22821,40.222,184.252,-110.27,-45.67,-0.087,-75.563,-12.92,-12.594,-16.164,25.337,-14.809,14.425
255.39143,50.301,112.251,-109.806,53.242,-3.422,-57.097,-28.701,6.713,-16.521,28.157,-5.821,9.954
255.659,45.235,107.811,-128.903,-48.796,12.789,-69.636,-31.557,7.38,-12.662,8.981,-9.119,8.024
255.83107,43.549,94.443,-111.616,-32.457,6.753,-84.766,-16.995,-19.111,-7.329,12.047,-3.491,23.047
255.90005,47.652,70.993,-123.622,14.525,19.112,-79.679,-35.372,14.215,-8.303,15.987,2.49,-3.824
256.08172,49.475,128.252,-91.771,61.172,-6.717,-93.875,-21.627,12.183,-16.436,0.616,-22.758,5.125
256.418,50.251,52.758,-71.137,9.489,26.381,-79.786,-13.187,12.868,-18.835,3.641,0.624,18.645
256.75755,50.817,104.579,-76.278,58.254,16.224,-67.954,-31.905,-5.507,-20.146,10.481,-16.236,23.682
257.02821,45.39,105.357,-95.715,-46.149,30.054,-68.426,-32.357,1.792,-15.08,10.981,-12.496,21.851
257.20023,45.713,106.12,-52.036,-73.212,21.157,-93.098,-4.892,-22.806,-9.01,18.178,26.463,19.922
257.27451,46.857,84.612,-105.135,13.146,19.75,-116.012,-35.643,28.14,-8.639,-4.448,-6.333,7.745
257.44023,49.235,136.065,-71.844,78.77,25.053,-51.126,-24.608,7.852,-19.7,6.695,7.894,11.483
257.78662,50.917,62.573,-29.004,12.796,24.294,-75.319,10.083,13.04,-14.433,4.879,-9.754,3.48
258.12902,50.66,123.533,-30.679,61.581,14.066,-75.159,14.931,-11.649,-17.044,13.362,-26.75,22.487
258.29288,46.364,117.222,-50.178,-24.7,45.691,-57.042,44.738,-0.135,-11.277,8.795,8.934,17.052
258.63959,48.027,80.39,-66.764,24.36,28.88,-98.117,0.853,28.201,-12.934,5.523,-5.879,15.626
258.81633,50.311,131.253,-17.367,63.32,40.567,-85.983,7.388,-16.786,-14.598,16.542,-21.768,4.591
259.15796,51.777,53.478,-40.296,6.709,5.36,-73.47,7.831,11.89,-30.457,-1.008,-13.039,15.396
259.50023,52.184,105.342,-34.599,37.805,6.46,-77.967,11.125,-4.768,-25.168,13.314,-27.157,13.348
260.00431,48.446,79.169,-73.529,15.895,23.012,-86.967,4.143,20.288,-21.83,7.885,1.133,6.548
260.17964,49.776,147.791,-43.6,79.391,7.173,-79.878,7.55,10.136,-23.152,2.384,-7.938,7.221
260.52023,47.417,86.345,-80.859,29.336,14.392,-104.89,-17.418,28.398,-3.757,-8.591,-1.723,-2.992
260.69732,42.698,156.6,-69.85,-39.009,14.878,-74.338,24.765,-16.579,-15.636,20.212,-8.901,5.638
260.8659,48.555,158.654,-48.037,92.715,8.683,-84.479,-13.251,20.928,-15.117,4.035,-17.707,6.897
261.13206,41.906,152.756,-69.048,-12.361,2.613,-88.978,18.854,-0.915,-17.916,19.098,-10.632,20.065
261.20889,43.366,155.564,-47.931,-27.634,7.926,-48.499,43.364,-24.31,-35.049,25.148,-20.367,17.011
261.2941,43.822,133.546,-41.766,-11.891,20.522,-64.127,46.296,-7.531,-3.997,11.481,4.833,15.188
261.3737,47.247,92.417,-81.13,29.535,16.017,-101.606,-13.402,35.531,-15.575,1.628,2.1,0.957
261.54957,49.782,150.351,-11.917,81.624,6.996,-79.773,4.408,-1.001,-28.968,-2.247,-21.273,-3.005
261.71819,44.617,146.162,-28.105,-12.465,13.976,-71.945,43.607,-9.952,-39.01,15.05,-6.067,-18.01
261.89211,49.589,93.465,-32.786,-2.782,-2.096,-83.122,-26.38,21.587,-12.097,-9.164,-5.498,-23.911
262.2346,49.906,153.112,3.21,67.367,24.205,-84.567,-23.111,-3.614,-24.808,3.51,-14.133,-0.049
262.74531,49.594,79.181,-21.4,5.741,13.008,-91.445,16.052,15.789,-38.107,-4.179,0.633,-9.481
262.9195,50.14,153.143,35.839,80.924,45.428,-79.764,-0.206,-1.702,-35.084,5.273,-19.953,2.555
263.25646,50.468,39.195,-52.707,5.492,31.498,-73.046,-27.681,-1.423,-29.778,6.293,-0.805,4.507
263.43011,47.858,61.701,-73.563,-36.724,48.46,-70.779,-29.594,-22.763,-34.1,10.473,-7.47,1.416
263.60023,51.687,101.799,-47.108,46.769,22.888,-60.966,-42.98,-22.895,-32.637,4.329,-20.239,18.918
263.75057,47.078,101.091,-63.534,-45.386,46.014,-36.28,-33.037,-0.393,-10.868,-25.672,12.748,-3.611
264.09891,48.182,84.528,-70.352,16.925,31.397,-38.4,-11.013,19.95,-28.284,5.534,35.495,-7.781
264.27184,49.721,128.751,-16.996,69.459,46.132,-3.112,-31.968,-18.645,-32.715,-9.259,20.295,8.403
264.45805,45.71,93.622,-36.719,-37.08,69.413,-62.226,-49.275,-20.695,-58.648,15.112,4.125,9.528
264.62698,48.106,79.648,-69.955,24.334,11.625,-92.157,-24.682,20.919,-24.165,-8.316,-8.093,-2.024
264.80014,44.065,134.835,-57.824,-29.654,21.37,-62.187,5.991,-8.871,-36.738,16.695,-14.944,10.891
264.96875,49.213,146.972,-34.359,83.272,8.797,-78.938,-25.754,4.426,-25.495,-3.33,-23.296,10.732
265.13465,42.937,143.922,-65.541,-21.056,19.261,-68.41,4.015,-21.081,-47.773,15.375,-5.046,2.087
265.23569,43.768,162.749,-42.213,-33.841,13.795,-74.726,8.05,11.655,-31.409,7.225,-14.913,24.943
265.3858,43.194,144.915,-52.013,-24.376,20.128,-40.963,15.987,-8.184,-7.997,-1.782,16.769,13.442
265.48054,47.35,93.528,-84.596,22.147,4.467,-104.246,-21.436,36.695,-29.604,-8.186,4.68,0.026
265.65361,48.571,163.447,-32.041,102.848,16.109,-85.752,-27.839,16.714,-21.736,-3.119,-31.508,8.537
265.82213,42.216,174.024,-38.281,-30.163,23.466,-60.731,18.12,-17.942,-50.549,20.037,-7.394,3.076
265.99605,46.788,117.586,-67.855,33.54,1.355,-106.326,-32.243,52.602,-14.981,-23.747,0.507,-7.134
266.33256,47.397,189.874,-8.824,111.834,28.629,-79.249,-31.897,28.971,-24.753,-2.091,-0.541,9.996
266.60014,40.775,216.791,-15.867,-4.309,26.709,-72.628,4.388,19.049,-21.041,7.922,-13.026,14.127
266.76254,41.237,185.756,-7.948,-1.432,34.029,-44.347,-7.158,-2.379,-3.514,13.901,18.101,-6.792
266.83791,41.543,124.524,-82.941,182.444,0.267,-28.823,-47.685,35.461,7.363,-11.701,-18.706,-3.054
267.80721,18.769,164.713,121.931,27.734,22.191,19.762,-24.375,8.773,-16.644,-18.076,-39.742,13.074
268.1498,14.317,216.018,79.507,123.858,24.109,12.961,-5.702,-14.473,-9.633,-26.206,-22.074,5.503
269.44426,6.545,183.19,98.138,8.019,23.777,-10.577,21.717,12.272,-20.67,0.08,-39.393,-10.845
269.68231,3.36,170.454,44.309,45.454,28.108,-39.082,7.922,23.86,-27.528,-1.912,-22.119,-16.523
